,0,1
0,0.40559354424476624,0.41820085048675537
1,0.39688313007354736,0.41255176067352295
2,0.3964798152446747,0.4032856822013855
3,0.4018125832080841,0.4169001877307892
4,0.39703568816185,0.40689414739608765
5,0.39280617237091064,0.40202710032463074
6,0.3873077929019928,0.39575842022895813
7,0.39469656348228455,0.40618425607681274
8,0.3989540934562683,0.4003915786743164
9,0.4052422344684601,0.40259847044944763
10,0.40459319949150085,0.4058372676372528
11,0.40526625514030457,0.4078545868396759
12,0.41043201088905334,0.408826619386673
13,0.41704291105270386,0.4222175180912018
14,0.41365835070610046,0.4184509813785553
15,0.41435545682907104,0.41527706384658813
16,0.4187113046646118,0.41801828145980835
17,0.41546839475631714,0.4105985164642334
18,0.41951611638069153,0.422076553106308
19,0.41720953583717346,0.41795381903648376
20,0.42107972502708435,0.4186970889568329
21,0.42459189891815186,0.42336562275886536
22,0.4315200448036194,0.4220685064792633
23,0.4366168975830078,0.4171690344810486
24,0.43863192200660706,0.4217108488082886
25,0.4367735981941223,0.4240920841693878
26,0.4429700970649719,0.4204300045967102
27,0.43962669372558594,0.4246438443660736
28,0.43040966987609863,0.4238470792770386
29,0.4208120107650757,0.4214770197868347
30,0.4027674198150635,0.4165358245372772
31,0.4077553451061249,0.4161190390586853
32,0.40571191906929016,0.4095030128955841
33,0.3978140652179718,0.40552541613578796
34,0.3971870541572571,0.4051817059516907
35,0.3900882303714752,0.4042201042175293
36,0.3893243968486786,0.40188631415367126
37,0.38523730635643005,0.40353667736053467
38,0.3855186402797699,0.40016260743141174
39,0.38288748264312744,0.3888007402420044
40,0.39831894636154175,0.4082641303539276
41,0.39343011379241943,0.4091853201389313
42,0.39657509326934814,0.4067958891391754
43,0.38952693343162537,0.4028421640396118
44,0.38443100452423096,0.4038911759853363
45,0.3799368739128113,0.4010677635669708
46,0.37522804737091064,0.39556223154067993
47,0.3906856179237366,0.40058109164237976
48,0.3862522542476654,0.4002242088317871
49,0.384910523891449,0.3940345048904419
50,0.3800513744354248,0.3964323103427887
51,0.375408411026001,0.39154884219169617
52,0.39229103922843933,0.40906599164009094
53,0.38649603724479675,0.40284010767936707
54,0.388645201921463,0.40653857588768005
55,0.38668113946914673,0.3977699279785156
56,0.38128888607025146,0.3963267207145691
57,0.3766474425792694,0.39866867661476135
58,0.3758092522621155,0.39002272486686707
59,0.3862176537513733,0.39654219150543213
60,0.3784274756908417,0.39580321311950684
61,0.38542234897613525,0.39838138222694397
62,0.3762623071670532,0.388384073972702
63,0.3850146234035492,0.40226227045059204
64,0.3815627098083496,0.3913421332836151
65,0.386157751083374,0.39565736055374146
66,0.3829728364944458,0.4002571403980255
67,0.39091819524765015,0.40265247225761414
68,0.38731637597084045,0.4012657105922699
69,0.3858785331249237,0.4029082953929901
70,0.3852127194404602,0.39910587668418884
71,0.38528376817703247,0.39881598949432373
72,0.3796203136444092,0.3929062485694885
73,0.38986387848854065,0.4071117043495178
74,0.38928690552711487,0.40116769075393677
75,0.3868756890296936,0.4048713743686676
76,0.3840993046760559,0.3940947949886322
77,0.3828525245189667,0.3923596739768982
78,0.37826940417289734,0.39598020911216736
79,0.37572726607322693,0.39230766892433167
80,0.3744339644908905,0.39768949151039124
81,0.3828064501285553,0.3865746557712555
82,0.3800288438796997,0.39633670449256897
83,0.37945735454559326,0.3954823613166809
84,0.37812578678131104,0.392299622297287
85,0.38622692227363586,0.39931896328926086
86,0.37671348452568054,0.39524438977241516
87,0.37814271450042725,0.38464972376823425
88,0.37707749009132385,0.4017527103424072
89,0.37649330496788025,0.39483293890953064
90,0.3877742290496826,0.39713555574417114
91,0.37861183285713196,0.3978220820426941
92,0.37816712260246277,0.3931910991668701
93,0.3837825357913971,0.3980180621147156
94,0.38424429297447205,0.3953469395637512
95,0.38061246275901794,0.3920420706272125
96,0.38260868191719055,0.3924989700317383
97,0.37443807721138,0.3890499770641327
98,0.3673364818096161,0.381826788187027
99,0.3683980405330658,0.3826027810573578
100,0.3860379457473755,0.3954964876174927
101,0.38893914222717285,0.3973686993122101
102,0.39541053771972656,0.4116932153701782
103,0.3958464562892914,0.41719359159469604
104,0.4032690227031708,0.4101443290710449
105,0.3965167701244354,0.40181732177734375
106,0.39368632435798645,0.416634738445282
107,0.3941843807697296,0.39627715945243835
108,0.39467060565948486,0.41269421577453613
109,0.38917747139930725,0.4005829393863678
110,0.3884895145893097,0.42028263211250305
111,0.38916292786598206,0.43374747037887573
112,0.3873220682144165,0.39194566011428833
113,0.39445868134498596,0.39589595794677734
114,0.3907467722892761,0.40411126613616943
115,0.3882783055305481,0.4085044860839844
116,0.37233251333236694,0.38032180070877075
117,0.3746681809425354,0.39542919397354126
118,0.3816121220588684,0.3968733549118042
119,0.3813090920448303,0.39373162388801575
120,0.37413862347602844,0.38624870777130127
121,0.3753051161766052,0.4040333926677704
122,0.374912828207016,0.41498202085494995
123,0.37234029173851013,0.4087464213371277
124,0.3727635145187378,0.38415905833244324
125,0.37821251153945923,0.3875390589237213
126,0.37460750341415405,0.3875003755092621
127,0.3485838770866394,0.3722766935825348
128,0.36938655376434326,0.3804304599761963
129,0.36774373054504395,0.4096218943595886
130,0.37845706939697266,0.3734714388847351
131,0.36262616515159607,0.36874648928642273
132,0.3926507234573364,0.41660916805267334
133,0.40755096077919006,0.41668710112571716
134,0.41146785020828247,0.42999276518821716
135,0.3869839310646057,0.405032753944397
136,0.3817925453186035,0.4062545895576477
137,0.3838750123977661,0.39593958854675293
138,0.39291155338287354,0.397812157869339
139,0.39516937732696533,0.42366376519203186
140,0.40884628891944885,0.4061637222766876
141,0.3903009295463562,0.39954888820648193
142,0.39529189467430115,0.4063367247581482
143,0.39498022198677063,0.4076448380947113
144,0.39313381910324097,0.40720343589782715
145,0.3805672824382782,0.38887807726860046
146,0.3843679428100586,0.4074268639087677
147,0.38881412148475647,0.3986414670944214
148,0.3837664723396301,0.3920155167579651
149,0.37043049931526184,0.3828183710575104
150,0.3956030011177063,0.40691056847572327
151,0.4014091491699219,0.4194212257862091
152,0.3791612982749939,0.4007093012332916
153,0.3728000819683075,0.38244062662124634
154,0.37319058179855347,0.3829755187034607
155,0.38345709443092346,0.3909871280193329
156,0.3872218132019043,0.3837926685810089
157,0.3997003436088562,0.4074649214744568
158,0.4209290146827698,0.40580323338508606
159,0.432842493057251,0.4269852042198181
160,0.42159852385520935,0.41779953241348267
161,0.4066406190395355,0.42057597637176514
162,0.3960505425930023,0.4053684175014496
163,0.40628719329833984,0.4241493046283722
164,0.40377870202064514,0.411469966173172
165,0.3866725265979767,0.4095146059989929
166,0.38529327511787415,0.4097398519515991
167,0.3906627893447876,0.4091576337814331
168,0.40222713351249695,0.4193071722984314
169,0.38880619406700134,0.39394399523735046
170,0.38124242424964905,0.38833191990852356
171,0.404480516910553,0.40790706872940063
172,0.3953416049480438,0.4208807647228241
173,0.4022263288497925,0.40547001361846924
174,0.3873257339000702,0.3990446627140045
175,0.3794383108615875,0.3939564824104309
176,0.38961154222488403,0.3977554142475128
177,0.3891626298427582,0.4108295440673828
178,0.3892589211463928,0.4032127261161804
179,0.3937544822692871,0.3963027894496918
180,0.39496222138404846,0.3991517722606659
181,0.3846365213394165,0.3883247375488281
182,0.373076468706131,0.3937562108039856
183,0.39687415957450867,0.38991448283195496
184,0.38337427377700806,0.39736488461494446
185,0.3817094564437866,0.38426682353019714
186,0.38427358865737915,0.4082505404949188
187,0.3912801444530487,0.3935455083847046
188,0.385164350271225,0.39592477679252625
189,0.38929039239883423,0.3983134329319
190,0.3803427517414093,0.40532445907592773
191,0.37680813670158386,0.3936825692653656
192,0.37016561627388,0.3791465163230896
193,0.37661221623420715,0.39291584491729736
194,0.3962336480617523,0.3959120810031891
195,0.3987394869327545,0.3994334936141968
196,0.40189313888549805,0.4044710695743561
197,0.38944777846336365,0.3906939923763275
198,0.38442349433898926,0.3993068039417267
199,0.3921062648296356,0.39011022448539734
200,0.39115670323371887,0.39843428134918213
201,0.3830028772354126,0.3915346562862396
202,0.3915511667728424,0.40818098187446594
203,0.3697035312652588,0.38563647866249084
204,0.3768307864665985,0.39183324575424194
205,0.3691009283065796,0.3778800964355469
206,0.36381295323371887,0.3762281835079193
207,0.3671686351299286,0.37839800119400024
208,0.3759503960609436,0.3763378858566284
209,0.3582248389720917,0.36521950364112854
210,0.357783704996109,0.37636837363243103
211,0.35672247409820557,0.3654455542564392
212,0.3549369275569916,0.36351609230041504
213,0.3638484477996826,0.3804026246070862
214,0.35375064611434937,0.35533788800239563
215,0.35775384306907654,0.3666030466556549
216,0.34716373682022095,0.3573135733604431
217,0.3540838062763214,0.3573592007160187
218,0.35407236218452454,0.36440545320510864
219,0.38726720213890076,0.3940794765949249
220,0.3915157616138458,0.4149956703186035
221,0.3848050534725189,0.38621336221694946
222,0.377695769071579,0.3845222294330597
223,0.37646928429603577,0.3880428075790405
224,0.3833748400211334,0.3820553123950958
225,0.38434159755706787,0.38083019852638245
226,0.38768357038497925,0.38505905866622925
227,0.3831455707550049,0.3941780924797058
228,0.3928070068359375,0.39703133702278137
229,0.3889005184173584,0.40266695618629456
230,0.36527326703071594,0.3778535723686218
231,0.3735497295856476,0.39841508865356445
232,0.38963180780410767,0.380775511264801
233,0.38106247782707214,0.3751906156539917
234,0.37510445713996887,0.3682345449924469
235,0.36794304847717285,0.38154134154319763
236,0.37562626600265503,0.38321658968925476
237,0.37040284276008606,0.3833911120891571
238,0.37581709027290344,0.3860567510128021
239,0.3716638386249542,0.3824392259120941
240,0.3625868856906891,0.3890005946159363
241,0.3656202554702759,0.36952489614486694
242,0.36685940623283386,0.36807042360305786
243,0.36507582664489746,0.3748340308666229
244,0.35677725076675415,0.36231154203414917
245,0.3615930378437042,0.3786977529525757
246,0.37125006318092346,0.38030558824539185
247,0.36580967903137207,0.3710375130176544
248,0.38656529784202576,0.3903636336326599
249,0.3937169909477234,0.39724022150039673
250,0.38814809918403625,0.3946794867515564
251,0.3937934935092926,0.3933221995830536
252,0.3823346793651581,0.3905470073223114
253,0.387873113155365,0.3965663015842438
254,0.3866517245769501,0.38999485969543457
255,0.3909374475479126,0.39483001828193665
256,0.38614609837532043,0.39231836795806885
257,0.378170907497406,0.3753484785556793
258,0.3863765597343445,0.4019486904144287
259,0.38582003116607666,0.4039628803730011
260,0.3852555453777313,0.3935723900794983
261,0.3863082528114319,0.39270874857902527
262,0.38778841495513916,0.39455121755599976
263,0.3863750696182251,0.382967472076416
264,0.380797803401947,0.3862987756729126
265,0.3950510621070862,0.3958273231983185
266,0.37918731570243835,0.38108715415000916
267,0.3953547775745392,0.3959612250328064
268,0.3889792263507843,0.4008936882019043
269,0.3872205317020416,0.3850903809070587
270,0.36642682552337646,0.37544313073158264
271,0.3861441910266876,0.39926019310951233
272,0.39469432830810547,0.39909183979034424
273,0.39754194021224976,0.40687474608421326
274,0.39633122086524963,0.3993598222732544
275,0.39369311928749084,0.4035067558288574
276,0.40117812156677246,0.3992643356323242
277,0.4064904749393463,0.4036184251308441
278,0.40062791109085083,0.4062773883342743
279,0.39532357454299927,0.40050792694091797
280,0.3904717266559601,0.40650317072868347
281,0.3924354910850525,0.40507838129997253
282,0.3977178633213043,0.40143129229545593
283,0.40311330556869507,0.4110000729560852
284,0.3946512043476105,0.3965640962123871
285,0.3945692479610443,0.3998669385910034
286,0.3855186402797699,0.3857131898403168
287,0.3876321613788605,0.38498714566230774
288,0.3813553750514984,0.3861742317676544
289,0.3916970491409302,0.3977324962615967
290,0.40162840485572815,0.386049747467041
291,0.38250136375427246,0.3901059031486511
292,0.39308393001556396,0.3970920145511627
293,0.38516563177108765,0.3997466564178467
294,0.374111145734787,0.3924257159233093
295,0.41223883628845215,0.4083925187587738
296,0.3905050456523895,0.4121086001396179
297,0.3938315808773041,0.3955102562904358
298,0.39177390933036804,0.3971814215183258
299,0.3960544168949127,0.39340099692344666
300,0.4038807451725006,0.40097925066947937
301,0.39274102449417114,0.3951052725315094
302,0.3787403106689453,0.38804197311401367
303,0.3891400098800659,0.3801172375679016
304,0.3972451090812683,0.4096355140209198
305,0.3857565224170685,0.3863762319087982
306,0.37602266669273376,0.39072009921073914
307,0.3956211805343628,0.4062502980232239
308,0.38966792821884155,0.4061151146888733
309,0.3885716199874878,0.3951760530471802
310,0.39259427785873413,0.4011475443840027
311,0.38104575872421265,0.3880775570869446
312,0.3967500627040863,0.3926808536052704
313,0.3841269612312317,0.3918535113334656
314,0.37270861864089966,0.39171773195266724
315,0.38440877199172974,0.38645637035369873
316,0.3754563629627228,0.38299793004989624
317,0.3725784122943878,0.3853859305381775
318,0.3752720355987549,0.38351625204086304
319,0.3662669360637665,0.37818992137908936
320,0.38007763028144836,0.3946417570114136
321,0.3948251008987427,0.3965880274772644
322,0.38880181312561035,0.39870983362197876
323,0.4039340019226074,0.40358537435531616
324,0.39549893140792847,0.40208375453948975
325,0.39012831449508667,0.40141043066978455
326,0.400593638420105,0.38929852843284607
327,0.39421308040618896,0.4094448983669281
328,0.3881358504295349,0.39123380184173584
329,0.3874533474445343,0.3952978253364563
330,0.3901168406009674,0.4023721218109131
331,0.3999139964580536,0.39871981739997864
332,0.4088638424873352,0.4199104607105255
333,0.39319902658462524,0.40421971678733826
334,0.3888815939426422,0.3965054452419281
335,0.39143866300582886,0.39208364486694336
336,0.38430604338645935,0.3988926112651825
337,0.38587111234664917,0.40518394112586975
338,0.3917805850505829,0.4033113121986389
339,0.38909608125686646,0.3926294445991516
340,0.3811682164669037,0.40069395303726196
341,0.3820395767688751,0.3918639123439789
342,0.39257752895355225,0.4050145149230957
343,0.39336326718330383,0.3970586657524109
344,0.38754749298095703,0.4012904763221741
345,0.38728824257850647,0.3950110971927643
346,0.39372357726097107,0.4130983054637909
347,0.39197036623954773,0.3955290913581848
348,0.3968610167503357,0.4146290421485901
349,0.4016590118408203,0.41966772079467773
350,0.4029066562652588,0.41429370641708374
351,0.4036637544631958,0.4032575786113739
352,0.39684027433395386,0.40181437134742737
353,0.41360440850257874,0.40553444623947144
354,0.39190927147865295,0.39976781606674194
355,0.40132465958595276,0.4137396216392517
356,0.38938772678375244,0.41591131687164307
357,0.3895765542984009,0.38705503940582275
358,0.40638941526412964,0.41594329476356506
359,0.40775880217552185,0.41401171684265137
360,0.38934534788131714,0.40100517868995667
361,0.3963039815425873,0.4233829379081726
362,0.4068729877471924,0.4242693781852722
363,0.39764201641082764,0.4009130597114563
364,0.40976426005363464,0.402116984128952
365,0.38729915022850037,0.405891478061676
366,0.3935336172580719,0.40368252992630005
367,0.4010155200958252,0.41254332661628723
368,0.4007289707660675,0.41829150915145874
369,0.3826461136341095,0.39038577675819397
370,0.40252289175987244,0.41655680537223816
371,0.3961822986602783,0.4018421173095703
372,0.398647278547287,0.41092216968536377
373,0.3954399526119232,0.4075988531112671
374,0.39951059222221375,0.4364016354084015
375,0.4007648825645447,0.397159218788147
376,0.41169753670692444,0.4097284972667694
377,0.40871134400367737,0.4032643437385559
378,0.4038841426372528,0.40867361426353455
379,0.3971528708934784,0.406637579202652
380,0.41432836651802063,0.4085443913936615
381,0.4023500382900238,0.4100164473056793
382,0.4074658751487732,0.4145461320877075
383,0.39035850763320923,0.4076026380062103
384,0.39191654324531555,0.39777871966362
385,0.3942601680755615,0.40989938378334045
386,0.40571683645248413,0.4202677607536316
387,0.4020817279815674,0.40755826234817505
388,0.4039873480796814,0.4214644432067871
389,0.3971860706806183,0.406678706407547
390,0.4029664993286133,0.4093780517578125
391,0.40028634667396545,0.39693546295166016
392,0.4018256962299347,0.41744983196258545
393,0.394679456949234,0.40889373421669006
394,0.40537554025650024,0.4118953347206116
395,0.3902287185192108,0.40888068079948425
396,0.4073784649372101,0.4058547616004944
397,0.40710142254829407,0.4079071879386902
398,0.4097692668437958,0.42000362277030945
399,0.3999793529510498,0.40910273790359497
400,0.39936015009880066,0.4050654470920563
401,0.40098631381988525,0.40852606296539307
402,0.40169382095336914,0.4288628101348877
403,0.38929620385169983,0.40682151913642883
404,0.40068286657333374,0.40410348773002625
405,0.39870497584342957,0.3973662555217743
406,0.3957633078098297,0.40925803780555725
407,0.4060928523540497,0.4004916846752167
408,0.375654011964798,0.38772326707839966
409,0.40944376587867737,0.40741851925849915
410,0.41125431656837463,0.411909282207489
411,0.40811267495155334,0.42607420682907104
412,0.40469321608543396,0.41130924224853516
413,0.39998316764831543,0.4130217432975769
414,0.40205705165863037,0.41192686557769775
415,0.4158380925655365,0.4164901673793793
416,0.40441709756851196,0.4051983058452606
417,0.40682998299598694,0.42134925723075867
418,0.4118678569793701,0.4220133125782013
419,0.40628504753112793,0.41131138801574707
420,0.3992331326007843,0.4002250134944916
421,0.4079325199127197,0.4130151867866516
422,0.4158933460712433,0.42427101731300354
423,0.40346911549568176,0.4233205318450928
424,0.41420745849609375,0.42964649200439453
425,0.40542304515838623,0.4120439887046814
426,0.4040806293487549,0.41371241211891174
427,0.4035522937774658,0.4068601429462433
428,0.4077863395214081,0.41271018981933594
429,0.4095896780490875,0.4227595031261444
430,0.40245136618614197,0.4100954234600067
431,0.4162144064903259,0.4114510118961334
432,0.40788742899894714,0.4210313856601715
433,0.40520626306533813,0.4175986051559448
434,0.40715742111206055,0.40952450037002563
435,0.40255239605903625,0.4167476296424866
436,0.41865095496177673,0.4086606800556183
437,0.4088461995124817,0.41387489438056946
438,0.4087391793727875,0.4179151654243469
439,0.3959237039089203,0.41362351179122925
440,0.4101693034172058,0.4093235731124878
441,0.40593287348747253,0.4258183240890503
442,0.4011480510234833,0.4163600504398346
443,0.41105276346206665,0.4162643551826477
444,0.4090736508369446,0.4190245568752289
445,0.39232081174850464,0.40719074010849
446,0.4121658504009247,0.4306219518184662
447,0.41236478090286255,0.4219951629638672
448,0.40015342831611633,0.4010136127471924
449,0.41203615069389343,0.4264719784259796
450,0.40576139092445374,0.409593790769577
451,0.4073987603187561,0.4075012505054474
452,0.40218386054039,0.4092770516872406
453,0.4086938202381134,0.4168858826160431
454,0.4019758105278015,0.4096590280532837
455,0.3991839289665222,0.4238402545452118
456,0.4119679033756256,0.41312429308891296
457,0.4077898859977722,0.4234427809715271
458,0.40405240654945374,0.4156990349292755
459,0.4043499827384949,0.4212372601032257
460,0.41069456934928894,0.41699475049972534
461,0.41262301802635193,0.4203042984008789
462,0.3947622776031494,0.4114525616168976
463,0.40425941348075867,0.4070739150047302
464,0.408664345741272,0.4221150875091553
465,0.4111637771129608,0.41447994112968445
466,0.40593084692955017,0.4152317941188812
467,0.4039223790168762,0.40964847803115845
468,0.4138869643211365,0.4156719446182251
469,0.40746644139289856,0.413238525390625
470,0.4186937212944031,0.4232117533683777
471,0.40846526622772217,0.4109610319137573
472,0.41947469115257263,0.4262771010398865
473,0.41033685207366943,0.4146803021430969
474,0.41152092814445496,0.41647085547447205
475,0.41367578506469727,0.42001426219940186
476,0.4141547977924347,0.4155317544937134
477,0.3996744155883789,0.4015059173107147
478,0.4139961898326874,0.4137803018093109
479,0.4044225215911865,0.4128491282463074
480,0.40587663650512695,0.4108421802520752
481,0.4031405746936798,0.40711233019828796
482,0.39804011583328247,0.4132513701915741
483,0.411263644695282,0.413642019033432
484,0.414750337600708,0.41083043813705444
485,0.40689414739608765,0.4062649607658386
486,0.39743122458457947,0.3969709873199463
487,0.40723174810409546,0.4258913993835449
488,0.4324302673339844,0.4335731863975525
489,0.40899038314819336,0.40936359763145447
490,0.40109097957611084,0.4110901355743408
491,0.3959321975708008,0.4115949869155884
492,0.4037051200866699,0.4160159230232239
493,0.39911603927612305,0.4120875298976898
494,0.4185197651386261,0.4223771095275879
495,0.40253743529319763,0.41879844665527344
496,0.39663127064704895,0.411728173494339
497,0.40180906653404236,0.40782520174980164
498,0.3982139229774475,0.4099309742450714
499,0.4037715792655945,0.40703296661376953
500,0.4125959277153015,0.40892961621284485
501,0.40346789360046387,0.4109002351760864
502,0.3947662115097046,0.4131650924682617
503,0.41126149892807007,0.41620877385139465
504,0.40066125988960266,0.4025036692619324
505,0.39670148491859436,0.4061272144317627
506,0.40177732706069946,0.4122012257575989
507,0.396171510219574,0.3977041244506836
508,0.3881056308746338,0.3989435136318207
509,0.400262713432312,0.4076381325721741
510,0.40555068850517273,0.4140298664569855
511,0.41022148728370667,0.4005822539329529
512,0.39990681409835815,0.4013294577598572
513,0.4022461473941803,0.4074709117412567
514,0.4084722399711609,0.41159093379974365
515,0.3980953097343445,0.4133935868740082
516,0.3930664360523224,0.40065404772758484
517,0.39807844161987305,0.4176214337348938
518,0.4060531556606293,0.41070690751075745
519,0.407466858625412,0.41905125975608826
520,0.4025198221206665,0.40123239159584045
521,0.39879554510116577,0.4165637791156769
522,0.40202975273132324,0.4065006971359253
523,0.4057556092739105,0.42266425490379333
524,0.40471842885017395,0.4155578911304474
525,0.4039604663848877,0.4087495505809784
526,0.4111710488796234,0.4189375042915344
527,0.40446069836616516,0.4214015305042267
528,0.39262890815734863,0.4021899402141571
529,0.39676007628440857,0.40754514932632446
530,0.3976650536060333,0.40892457962036133
531,0.40502968430519104,0.40133416652679443
532,0.39698296785354614,0.40849339962005615
533,0.3939569890499115,0.4055732786655426
534,0.4012685716152191,0.409897118806839
535,0.402066171169281,0.40226811170578003
536,0.39234471321105957,0.4027126729488373
537,0.4034905731678009,0.41313475370407104
538,0.40790265798568726,0.4136892259120941
539,0.4043269157409668,0.41327303647994995
540,0.3923942446708679,0.4106065630912781
541,0.41189175844192505,0.41888323426246643
542,0.40556254982948303,0.4059765040874481
543,0.40868058800697327,0.40578994154930115
544,0.4067345857620239,0.4062284231185913
545,0.3980090618133545,0.4024120569229126
546,0.3993529677391052,0.41673484444618225
547,0.40264612436294556,0.41035938262939453
548,0.3965633809566498,0.41047725081443787
549,0.40302032232284546,0.4226125478744507
550,0.40148481726646423,0.4120686948299408
551,0.4045238494873047,0.4208734333515167
552,0.40108123421669006,0.4104841649532318
553,0.40952762961387634,0.4248882830142975
554,0.4009559750556946,0.40980345010757446
555,0.410296767950058,0.41897523403167725
556,0.4046573042869568,0.41537439823150635
557,0.4058874547481537,0.40817132592201233
558,0.3977525532245636,0.4121822416782379
559,0.4036218523979187,0.4060954749584198
560,0.40074867010116577,0.4036693871021271
561,0.40395602583885193,0.4190387427806854
562,0.40601927042007446,0.40253081917762756
563,0.3997880816459656,0.4122570753097534
564,0.3990023732185364,0.4015962481498718
565,0.39541199803352356,0.3958229124546051
566,0.39727771282196045,0.4010176956653595
567,0.4090881645679474,0.41118600964546204
568,0.4142707586288452,0.41808345913887024
569,0.39582833647727966,0.40895116329193115
570,0.4086216390132904,0.41014012694358826
571,0.40141215920448303,0.40955132246017456
572,0.4020741879940033,0.40587547421455383
573,0.39208129048347473,0.39825674891471863
574,0.41328468918800354,0.41583260893821716
575,0.4166962504386902,0.4273739457130432
576,0.4037829339504242,0.4188731610774994
577,0.4075743854045868,0.4034046232700348
578,0.3999817967414856,0.4150030016899109
579,0.4071348011493683,0.4108111262321472
580,0.40745460987091064,0.4166293144226074
581,0.41087713837623596,0.4183172285556793
582,0.4007924199104309,0.40373852849006653
583,0.406619668006897,0.4098023772239685
584,0.40347394347190857,0.4085054099559784
585,0.4199443757534027,0.4101223051548004
586,0.4069667160511017,0.4153639078140259
587,0.40472739934921265,0.42985227704048157
588,0.4142506718635559,0.41354820132255554
589,0.3988884389400482,0.4133407175540924
590,0.39757561683654785,0.4141593277454376
591,0.4080077111721039,0.4107881188392639
592,0.39644691348075867,0.3972633481025696
593,0.39689627289772034,0.41474175453186035
594,0.4048295319080353,0.40699440240859985
595,0.4097231924533844,0.3995386064052582
596,0.4062938988208771,0.4106038212776184
597,0.4016399383544922,0.40717291831970215
598,0.40778589248657227,0.4155116379261017
599,0.40975019335746765,0.399906188249588
600,0.3958452641963959,0.41162264347076416
601,0.41306695342063904,0.41430214047431946
602,0.40826499462127686,0.41838210821151733
603,0.3985399007797241,0.40374112129211426
604,0.40901318192481995,0.4230276942253113
605,0.398330420255661,0.4088799059391022
606,0.40273499488830566,0.4117358922958374
607,0.3985254764556885,0.4120791256427765
608,0.4075067937374115,0.4270484149456024
609,0.40177783370018005,0.4201382100582123
610,0.4057801067829132,0.4129771888256073
611,0.4171416759490967,0.41942280530929565
612,0.4082159996032715,0.41385596990585327
613,0.4039733409881592,0.41914597153663635
614,0.4010131359100342,0.40592318773269653
615,0.41129156947135925,0.41948121786117554
616,0.4043115973472595,0.4265468120574951
617,0.38871610164642334,0.39987415075302124
618,0.4022924304008484,0.4094269573688507
619,0.4016141891479492,0.42243334650993347
620,0.40652433037757874,0.42434993386268616
621,0.40230339765548706,0.41340938210487366
622,0.38983240723609924,0.4098374843597412
623,0.40306606888771057,0.405464231967926
624,0.3952779769897461,0.41179126501083374
625,0.3975912928581238,0.41848331689834595
626,0.39665716886520386,0.40641191601753235
627,0.3987151086330414,0.4014354646205902
628,0.40108969807624817,0.41649362444877625
629,0.39265429973602295,0.4077519476413727
630,0.40450724959373474,0.40739133954048157
631,0.3917403221130371,0.40675050020217896
632,0.3997749090194702,0.4143229126930237
633,0.40878766775131226,0.4179898202419281
634,0.39706656336784363,0.4130662977695465
635,0.4107896089553833,0.4124290943145752
636,0.39682164788246155,0.41106459498405457
637,0.40395864844322205,0.42020803689956665
638,0.40054750442504883,0.4171971380710602
639,0.3954768776893616,0.43073609471321106
640,0.39442524313926697,0.4071837365627289
641,0.3996967673301697,0.4211086630821228
642,0.41060876846313477,0.4068426787853241
643,0.39889439940452576,0.40377968549728394
644,0.39557039737701416,0.4093819856643677
645,0.3942137658596039,0.40150219202041626
646,0.3908533453941345,0.40723535418510437
647,0.3943832516670227,0.41467830538749695
648,0.39413776993751526,0.4057745933532715
649,0.39437851309776306,0.39601704478263855
650,0.3926200866699219,0.3976760804653168
651,0.3935501277446747,0.40892043709754944
652,0.3956034779548645,0.3979957699775696
653,0.3975885510444641,0.40497997403144836
654,0.3980330228805542,0.4125841557979584
655,0.39193040132522583,0.4148750901222229
656,0.3937009572982788,0.40494871139526367
657,0.3950100541114807,0.411251425743103
658,0.3979167640209198,0.4174487888813019
659,0.39726632833480835,0.4067297875881195
660,0.3981667757034302,0.3987688422203064
661,0.4051136076450348,0.4199947714805603
662,0.3926977515220642,0.40854406356811523
663,0.3998764455318451,0.40749046206474304
664,0.3938065767288208,0.40408745408058167
665,0.3885871469974518,0.3967714011669159
666,0.4037938714027405,0.41120830178260803
667,0.3870420455932617,0.39124158024787903
668,0.3958553075790405,0.4141770005226135
669,0.39315420389175415,0.4037275016307831
670,0.4011480510234833,0.4140748083591461
671,0.38574695587158203,0.4093064069747925
672,0.3844389319419861,0.3963676393032074
673,0.39989173412323,0.41062822937965393
674,0.4002836346626282,0.4078323543071747
675,0.39331042766571045,0.4028557538986206
676,0.3895813226699829,0.409200519323349
677,0.3954249322414398,0.40567129850387573
678,0.4013676047325134,0.4196755588054657
679,0.4097462296485901,0.42764899134635925
680,0.40098103880882263,0.41369715332984924
681,0.39629998803138733,0.40862172842025757
682,0.39168745279312134,0.3956652879714966
683,0.3931727409362793,0.40986117720603943
684,0.3926878869533539,0.42603594064712524
685,0.3939317762851715,0.4020790159702301
686,0.38527247309684753,0.42872369289398193
687,0.39119938015937805,0.3959994614124298
688,0.39458319544792175,0.41851240396499634
689,0.395273894071579,0.4108470380306244
690,0.39429694414138794,0.4030669927597046
691,0.3860476016998291,0.40377190709114075
692,0.397311270236969,0.4129721522331238
693,0.4021424949169159,0.4103963375091553
694,0.3818511664867401,0.39657893776893616
695,0.3775485157966614,0.3938581347465515
696,0.392318993806839,0.412013977766037
697,0.392587810754776,0.4119845926761627
698,0.39368924498558044,0.4261324405670166
699,0.3927178680896759,0.4183325171470642
700,0.384667307138443,0.40228018164634705
701,0.38957682251930237,0.40031588077545166
702,0.388729065656662,0.4023345410823822
703,0.3797258138656616,0.3915853798389435
704,0.38624250888824463,0.39856019616127014
705,0.37986478209495544,0.40550175309181213
706,0.3999953866004944,0.4093882441520691
707,0.3920798897743225,0.4083271026611328
708,0.3852333128452301,0.40461331605911255
709,0.38858750462532043,0.40919315814971924
710,0.39899182319641113,0.40663543343544006
711,0.386195570230484,0.3965231776237488
712,0.38867831230163574,0.40010300278663635
713,0.39207059144973755,0.4035094082355499
714,0.3866404592990875,0.4070533215999603
715,0.38086849451065063,0.39846497774124146
716,0.4150461256504059,0.4109150171279907
717,0.3972216248512268,0.41010457277297974
718,0.3986493945121765,0.4188179671764374
719,0.39274680614471436,0.4169960618019104
720,0.3993541896343231,0.40137991309165955
721,0.4041133522987366,0.41320469975471497
722,0.390122652053833,0.40308278799057007
723,0.388774037361145,0.4035303592681885
724,0.401993066072464,0.4021575152873993
725,0.39149683713912964,0.4008557200431824
726,0.3909047245979309,0.40307289361953735
727,0.3965388834476471,0.40661272406578064
728,0.3915202021598816,0.41045209765434265
729,0.3936711549758911,0.4130361080169678
730,0.38800522685050964,0.4118897020816803
731,0.39136040210723877,0.4072919189929962
732,0.38957250118255615,0.3998030722141266
733,0.3839946389198303,0.402741938829422
734,0.3879440724849701,0.4002494812011719
735,0.38874176144599915,0.4043768346309662
736,0.3860378563404083,0.3974820673465729
737,0.3974115252494812,0.4005663990974426
738,0.4054575264453888,0.41609466075897217
739,0.3919665813446045,0.4043799042701721
740,0.39683112502098083,0.4114971160888672
741,0.3890628516674042,0.4135849177837372
742,0.39389726519584656,0.40465593338012695
743,0.39656031131744385,0.41784366965293884
744,0.39244788885116577,0.4012320339679718
745,0.39023804664611816,0.3967782258987427
746,0.39705297350883484,0.40601009130477905
747,0.3992493450641632,0.4037143290042877
748,0.393612265586853,0.4006969928741455
749,0.38424164056777954,0.40263909101486206
750,0.3924577832221985,0.4029703736305237
751,0.39627254009246826,0.4049868881702423
752,0.4009787142276764,0.4092302918434143
753,0.3856301009654999,0.4010743200778961
754,0.3831956386566162,0.4064890742301941
755,0.3899863362312317,0.40714842081069946
756,0.3888159394264221,0.400912880897522
757,0.3860533535480499,0.40034815669059753
758,0.3909231126308441,0.4096056818962097
759,0.39377492666244507,0.3971024751663208
760,0.3948994278907776,0.41779887676239014
761,0.39554762840270996,0.4077475368976593
762,0.39683765172958374,0.4259996712207794
763,0.4026309847831726,0.42185115814208984
764,0.4032224416732788,0.4189704656600952
765,0.4117816686630249,0.4107972979545593
766,0.4003147780895233,0.4188677966594696
767,0.3915174603462219,0.42316874861717224
768,0.40383192896842957,0.4146594703197479
769,0.3929869830608368,0.3994895815849304
770,0.4015841782093048,0.4096265137195587
771,0.39918217062950134,0.40264517068862915
772,0.3919570744037628,0.405111163854599
773,0.3938291072845459,0.40594446659088135
774,0.398232638835907,0.4215085208415985
775,0.3995762765407562,0.4027124047279358
776,0.4048457741737366,0.4174959361553192
777,0.39842042326927185,0.40192118287086487
778,0.3900485038757324,0.4073737561702728
779,0.3897930681705475,0.4097886085510254
780,0.39820998907089233,0.4064219892024994
781,0.397662490606308,0.40976691246032715
782,0.392845094203949,0.4091419279575348
783,0.3827485740184784,0.395423948764801
784,0.38587018847465515,0.3942337930202484
785,0.3831537365913391,0.40645331144332886
786,0.38608479499816895,0.4051275849342346
787,0.37972989678382874,0.40152764320373535
788,0.39436134696006775,0.4178953766822815
789,0.38264888525009155,0.39816948771476746
790,0.38666433095932007,0.40717631578445435
791,0.3968449532985687,0.4062478244304657
792,0.3959997892379761,0.400237500667572
793,0.38370180130004883,0.40819981694221497
794,0.3920210599899292,0.4050504267215729
795,0.3885631859302521,0.40440061688423157
796,0.3819585144519806,0.3919854760169983
797,0.3824905753135681,0.3996835947036743
798,0.3965505361557007,0.3985854387283325
799,0.3811701536178589,0.41956812143325806
800,0.38671621680259705,0.39452147483825684
801,0.388232946395874,0.4020542800426483
802,0.37782397866249084,0.39374032616615295
803,0.3888549208641052,0.410780668258667
804,0.3889829218387604,0.3928314447402954
805,0.38924190402030945,0.4016738831996918
806,0.3865277171134949,0.405446857213974
807,0.38876402378082275,0.40122178196907043
808,0.3795144557952881,0.3977883458137512
809,0.392805278301239,0.4054528474807739
810,0.38966575264930725,0.3940669894218445
811,0.3883236050605774,0.42185497283935547
812,0.3900975286960602,0.4056827425956726
813,0.386154443025589,0.3844534456729889
814,0.3722441792488098,0.3859807550907135
815,0.3771326243877411,0.3898642361164093
816,0.37932196259498596,0.3889445662498474
817,0.3831545114517212,0.4116172194480896
818,0.39875563979148865,0.40646806359291077
819,0.3886594772338867,0.40487444400787354
820,0.3788376450538635,0.4198208451271057
821,0.4018087387084961,0.4097212255001068
822,0.3821678161621094,0.4069966673851013
823,0.38958823680877686,0.42363423109054565
824,0.38864442706108093,0.3920289874076843
825,0.4068439304828644,0.4077892303466797
826,0.39161956310272217,0.40095850825309753
827,0.3914090692996979,0.39930459856987
828,0.4028365910053253,0.40735089778900146
829,0.40454375743865967,0.4202437102794647
830,0.3896692991256714,0.4137272536754608
831,0.39086246490478516,0.39542335271835327
832,0.3931637108325958,0.4083962142467499
833,0.39074188470840454,0.4162248969078064
834,0.39276358485221863,0.4048849046230316
835,0.3929106891155243,0.40554362535476685
836,0.39206501841545105,0.42134687304496765
837,0.3933568000793457,0.401755690574646
838,0.3912268280982971,0.39351972937583923
839,0.39139309525489807,0.40911585092544556
840,0.38737860321998596,0.4113215506076813
841,0.38923463225364685,0.42180588841438293
842,0.3916972875595093,0.39973685145378113
843,0.3804141581058502,0.3905370533466339
844,0.38409098982810974,0.3968122601509094
845,0.3842816650867462,0.3934500515460968
846,0.3930262625217438,0.4045121669769287
847,0.390005499124527,0.3961591124534607
848,0.38755789399147034,0.41222918033599854
849,0.3885769248008728,0.41378337144851685
850,0.38620346784591675,0.41329512000083923
851,0.385185182094574,0.402472585439682
852,0.3877800703048706,0.41209280490875244
853,0.38953807950019836,0.3946879804134369
854,0.39457210898399353,0.4018808603286743
855,0.3851875960826874,0.39415469765663147
856,0.37836527824401855,0.3946172595024109
857,0.39723777770996094,0.4118677079677582
858,0.3866567313671112,0.4023192226886749
859,0.3937061131000519,0.4018236994743347
860,0.3878459632396698,0.40558815002441406
861,0.3903973400592804,0.40349337458610535
862,0.3899654448032379,0.4082331359386444
863,0.3955410420894623,0.3985564708709717
864,0.3954562842845917,0.40875887870788574
865,0.38405105471611023,0.3918778598308563
866,0.39408230781555176,0.4050123691558838
867,0.39038729667663574,0.4059354364871979
868,0.3706893026828766,0.38687703013420105
869,0.3833633065223694,0.38880953192710876
870,0.3935422897338867,0.3903946280479431
871,0.3923480212688446,0.3979165256023407
872,0.39271271228790283,0.40607476234436035
873,0.3848603367805481,0.3911321461200714
874,0.39361581206321716,0.4151994585990906
875,0.3939256966114044,0.401938796043396
876,0.39021435379981995,0.40735697746276855
877,0.38528841733932495,0.3911943733692169
878,0.38611140847206116,0.39190196990966797
879,0.3846130967140198,0.3915122151374817
880,0.38946500420570374,0.4001248776912689
881,0.38633936643600464,0.3868769705295563
882,0.38649603724479675,0.40937867760658264
883,0.38172680139541626,0.3998242914676666
884,0.3932913839817047,0.41719189286231995
885,0.40428897738456726,0.40105897188186646
886,0.3859765827655792,0.3975962996482849
887,0.397542804479599,0.40129929780960083
888,0.38764551281929016,0.3857133090496063
889,0.38857313990592957,0.4060414135456085
890,0.38900068402290344,0.39925798773765564
891,0.3844999670982361,0.3945099711418152
892,0.3939363956451416,0.39825478196144104
893,0.3806626498699188,0.39317119121551514
894,0.39780518412590027,0.40130698680877686
895,0.3933015465736389,0.40841907262802124
896,0.38326722383499146,0.391578733921051
897,0.3827904760837555,0.3963111639022827
898,0.37753742933273315,0.393331378698349
899,0.37866494059562683,0.39325666427612305
900,0.37806597352027893,0.3938944339752197
901,0.3885730504989624,0.39645129442214966
902,0.3793764114379883,0.3991614580154419
903,0.3841255009174347,0.4150221347808838
904,0.39564791321754456,0.3972904682159424
905,0.3966623544692993,0.3954562842845917
906,0.38863417506217957,0.39667683839797974
907,0.3817295432090759,0.3944200873374939
908,0.37832939624786377,0.39915722608566284
909,0.3869383931159973,0.3966904580593109
910,0.3927822411060333,0.40962105989456177
911,0.38920870423316956,0.3935635983943939
912,0.3788629472255707,0.39927616715431213
913,0.3885561525821686,0.39750030636787415
914,0.4036925137042999,0.3928983211517334
915,0.3821720480918884,0.3865360915660858
916,0.3901105523109436,0.4053748846054077
917,0.38220012187957764,0.38900476694107056
918,0.38956591486930847,0.39724957942962646
919,0.39490681886672974,0.4013022780418396
920,0.3982362449169159,0.4023761749267578
921,0.40047597885131836,0.42378780245780945
922,0.38465142250061035,0.3910476863384247
923,0.39758774638175964,0.4059865176677704
924,0.39219143986701965,0.41068241000175476
925,0.38627028465270996,0.4053395092487335
926,0.39703986048698425,0.3957560062408447
927,0.38926592469215393,0.3957769572734833
928,0.39597809314727783,0.407888799905777
929,0.39785340428352356,0.4171607792377472
930,0.4030288755893707,0.4087945818901062
931,0.39124584197998047,0.4042970836162567
932,0.3880702555179596,0.3983188569545746
933,0.39395323395729065,0.4103165566921234
934,0.3838717043399811,0.40233314037323
935,0.39307448267936707,0.39650362730026245
936,0.39224866032600403,0.3974257707595825
937,0.390451580286026,0.39266762137413025
938,0.39164867997169495,0.3963305950164795
939,0.4026322662830353,0.40514910221099854
940,0.38815903663635254,0.3955550491809845
941,0.39632749557495117,0.40760359168052673
942,0.3867686092853546,0.39038071036338806
943,0.38783618807792664,0.3927810490131378
944,0.3832332491874695,0.3888634443283081
945,0.3856121301651001,0.40204331278800964
946,0.3935033679008484,0.3964919447898865
947,0.382542222738266,0.4006662666797638
948,0.38421711325645447,0.4136563241481781
949,0.39120548963546753,0.4050762355327606
950,0.38277557492256165,0.3974376320838928
951,0.3848748803138733,0.3989875614643097
952,0.38939255475997925,0.40196704864501953
953,0.38235610723495483,0.38710272312164307
954,0.385406494140625,0.38880252838134766
955,0.3971734046936035,0.4005439579486847
956,0.3831636905670166,0.4015261232852936
957,0.38770976662635803,0.41488805413246155
958,0.39590907096862793,0.4058974087238312
959,0.39278361201286316,0.396607369184494
960,0.3876070976257324,0.3819690942764282
961,0.3824734091758728,0.3981707990169525
962,0.3893686830997467,0.3980395197868347
963,0.386875718832016,0.4097244441509247
964,0.38163048028945923,0.39961346983909607
965,0.3774864673614502,0.3955921530723572
966,0.4005119502544403,0.4114777743816376
967,0.3847028911113739,0.39706358313560486
968,0.38358551263809204,0.40849611163139343
969,0.3859901428222656,0.4013358950614929
970,0.3772021234035492,0.39043018221855164
971,0.38434162735939026,0.3964736759662628
972,0.3883206248283386,0.3957327902317047
973,0.388075590133667,0.3944278359413147
974,0.3888421356678009,0.3992096483707428
975,0.3863900899887085,0.4153355062007904
976,0.38285914063453674,0.4068524241447449
977,0.3887161612510681,0.40783604979515076
978,0.37899431586265564,0.4085105061531067
979,0.3772188723087311,0.39322930574417114
980,0.3865435719490051,0.396719753742218
981,0.3850916922092438,0.390605092048645
982,0.40747886896133423,0.4190351963043213
983,0.38983410596847534,0.41769248247146606
984,0.3943106532096863,0.4019773304462433
985,0.38750016689300537,0.4081666171550751
986,0.38849085569381714,0.40223315358161926
987,0.3988300859928131,0.40955403447151184
988,0.3953050374984741,0.40022435784339905
989,0.3834821879863739,0.3992522656917572
990,0.3921155035495758,0.39995747804641724
991,0.3955875337123871,0.41821250319480896
992,0.4018322229385376,0.4230894148349762
993,0.3840152323246002,0.40477195382118225
994,0.38572049140930176,0.3939075767993927
995,0.39208489656448364,0.4086906909942627
996,0.37932831048965454,0.40492886304855347
997,0.38550373911857605,0.3978833854198456
998,0.3805667459964752,0.39993491768836975
999,0.38280177116394043,0.40725043416023254
1000,0.4019920527935028,0.40469565987586975
1001,0.3824576437473297,0.3883807063102722
1002,0.38638752698898315,0.3985154330730438
1003,0.38433638215065,0.3936603367328644
1004,0.38924020528793335,0.4001152813434601
1005,0.3838430941104889,0.40191733837127686
1006,0.38295412063598633,0.4066154956817627
1007,0.38635683059692383,0.39092525839805603
1008,0.39300307631492615,0.39981913566589355
1009,0.381894588470459,0.4031105637550354
1010,0.38405126333236694,0.39915409684181213
1011,0.3794623911380768,0.4001426696777344
1012,0.3803783655166626,0.39400821924209595
1013,0.384006142616272,0.389259934425354
1014,0.38915011286735535,0.4159483015537262
1015,0.39337944984436035,0.3950711488723755
1016,0.3863130807876587,0.39866137504577637
1017,0.37893304228782654,0.4056752324104309
1018,0.39162391424179077,0.4044766426086426
1019,0.39242517948150635,0.40476512908935547
1020,0.3889336884021759,0.4078041911125183
1021,0.3886563181877136,0.41332972049713135
1022,0.3882294297218323,0.4099482297897339
1023,0.3877491354942322,0.39996597170829773
1024,0.3920409381389618,0.41181302070617676
1025,0.3897766172885895,0.40836870670318604
1026,0.3744480311870575,0.40547439455986023
1027,0.37852102518081665,0.395155131816864
1028,0.38108763098716736,0.4101586639881134
1029,0.3708323538303375,0.39283624291419983
1030,0.3876400291919708,0.39233800768852234
1031,0.38080644607543945,0.40166211128234863
1032,0.37687453627586365,0.39297688007354736
1033,0.37981781363487244,0.4040197432041168
1034,0.3797277510166168,0.3985603451728821
1035,0.40015101432800293,0.4077940583229065
1036,0.3892083764076233,0.3975117802619934
1037,0.39213910698890686,0.40810543298721313
1038,0.392384797334671,0.4053652882575989
1039,0.3964332342147827,0.4074825346469879
1040,0.3923928737640381,0.4056849181652069
1041,0.3886795938014984,0.40422356128692627
1042,0.38640931248664856,0.4071299433708191
1043,0.3883006274700165,0.41337448358535767
1044,0.3950330317020416,0.4095582962036133
1045,0.3923804461956024,0.40314191579818726
1046,0.39246854186058044,0.4160503149032593
1047,0.3866669237613678,0.40354812145233154
1048,0.3803097605705261,0.39781713485717773
1049,0.3925798535346985,0.39522573351860046
1050,0.38047927618026733,0.396554172039032
1051,0.39206260442733765,0.3990245461463928
1052,0.38385093212127686,0.4125363826751709
1053,0.40925759077072144,0.40983161330223083
1054,0.384540855884552,0.40842053294181824
1055,0.3845866024494171,0.3994857370853424
1056,0.39713817834854126,0.4208407700061798
1057,0.3863801956176758,0.411459743976593
1058,0.3946095108985901,0.3946235477924347
1059,0.38911551237106323,0.3919142782688141
1060,0.38796985149383545,0.3993758261203766
1061,0.38877230882644653,0.4049401879310608
1062,0.3987278640270233,0.4069444537162781
1063,0.4056810736656189,0.4080789089202881
1064,0.38075968623161316,0.3976106345653534
1065,0.39227163791656494,0.4184921383857727
1066,0.38679346442222595,0.3929344117641449
1067,0.3871629238128662,0.40451520681381226
1068,0.39223918318748474,0.39090922474861145
1069,0.39493852853775024,0.3959169089794159
1070,0.39101988077163696,0.40534719824790955
1071,0.38605645298957825,0.39463523030281067
1072,0.3828440010547638,0.40110069513320923
1073,0.3843592703342438,0.4070829749107361
1074,0.39091557264328003,0.38965895771980286
1075,0.3835613429546356,0.40099388360977173
1076,0.3923279941082001,0.39776238799095154
1077,0.386782705783844,0.4141823649406433
1078,0.3979143500328064,0.41181686520576477
1079,0.39418599009513855,0.4161476790904999
1080,0.4003254771232605,0.41119471192359924
1081,0.40593114495277405,0.4140283167362213
1082,0.3928724527359009,0.40305793285369873
1083,0.4025629758834839,0.4148322343826294
1084,0.3935549855232239,0.4118199646472931
1085,0.3968562185764313,0.4236682951450348
1086,0.4067520499229431,0.4185798168182373
1087,0.39078983664512634,0.4100179374217987
1088,0.3918553292751312,0.4106185734272003
1089,0.3952252268791199,0.40667805075645447
1090,0.39236781001091003,0.4014984369277954
1091,0.39366886019706726,0.4143681824207306
1092,0.4038158655166626,0.41900455951690674
1093,0.39437389373779297,0.40490156412124634
1094,0.39589565992355347,0.4091757833957672
1095,0.40280184149742126,0.4037906229496002
1096,0.3985753357410431,0.41384240984916687
1097,0.4038854241371155,0.41591930389404297
1098,0.3862695097923279,0.3958158791065216
1099,0.3889784514904022,0.40934082865715027
1100,0.3914930820465088,0.41300341486930847
1101,0.3936630189418793,0.4102798402309418
1102,0.3846484422683716,0.41294053196907043
1103,0.39110067486763,0.4061252772808075
1104,0.40398329496383667,0.41155338287353516
1105,0.40030092000961304,0.4100665748119354
1106,0.39635035395622253,0.4147811532020569
1107,0.40409019589424133,0.4141504466533661
1108,0.3982461988925934,0.41927212476730347
1109,0.414467453956604,0.41465991735458374
1110,0.39815059304237366,0.41328027844429016
1111,0.41273075342178345,0.4196990728378296
1112,0.3959093391895294,0.41205957531929016
1113,0.4083031713962555,0.4140808880329132
1114,0.4037924110889435,0.42077967524528503
1115,0.4097978472709656,0.4143345057964325
1116,0.39826756715774536,0.4206066429615021
1117,0.4003618061542511,0.42190107703208923
1118,0.40308988094329834,0.41784653067588806
1119,0.4062362611293793,0.4229428470134735
1120,0.40441349148750305,0.4174201190471649
1121,0.4070262908935547,0.43762505054473877
1122,0.39509251713752747,0.414179265499115
1123,0.39587119221687317,0.4140051007270813
1124,0.41495421528816223,0.42419296503067017
1125,0.4038703441619873,0.42255645990371704
1126,0.40188607573509216,0.42541366815567017
1127,0.4035026729106903,0.42032188177108765
1128,0.3940712809562683,0.4208115041255951
1129,0.4028889834880829,0.4216247498989105
1130,0.39426475763320923,0.42325323820114136
1131,0.4013259708881378,0.43268799781799316
1132,0.39751550555229187,0.4206811189651489
1133,0.38926389813423157,0.4100990295410156
1134,0.40126320719718933,0.41978687047958374
1135,0.39105942845344543,0.41099509596824646
1136,0.3901086151599884,0.40556636452674866
1137,0.38527989387512207,0.3995807468891144
1138,0.4010705351829529,0.41278427839279175
1139,0.3969322741031647,0.4194171130657196
1140,0.3891330063343048,0.40378937125205994
1141,0.38945773243904114,0.41360920667648315
1142,0.3907172977924347,0.4255506992340088
1143,0.3941734731197357,0.4139188528060913
1144,0.3888510465621948,0.40780216455459595
1145,0.3992806375026703,0.42030590772628784
1146,0.39495548605918884,0.41932937502861023
1147,0.3934621214866638,0.40404045581817627
1148,0.39078810811042786,0.40851402282714844
1149,0.3889891803264618,0.41382408142089844
1150,0.38488858938217163,0.40387412905693054
1151,0.3948923945426941,0.40911680459976196
1152,0.39433959126472473,0.40375012159347534
1153,0.38550636172294617,0.39793264865875244
1154,0.3936974108219147,0.41235262155532837
1155,0.3894808888435364,0.4161216914653778
1156,0.3945481777191162,0.40618106722831726
1157,0.38940608501434326,0.403479665517807
1158,0.3925568759441376,0.4190641939640045
1159,0.3966548442840576,0.41678234934806824
1160,0.39579489827156067,0.40813302993774414
1161,0.3900224566459656,0.39964228868484497
1162,0.40003708004951477,0.41110000014305115
1163,0.3909105658531189,0.40261948108673096
1164,0.3891841173171997,0.40839916467666626
1165,0.38662245869636536,0.4016260504722595
1166,0.3939950168132782,0.4132952094078064
1167,0.38270267844200134,0.39999672770500183
1168,0.39946848154067993,0.41402706503868103
1169,0.38590946793556213,0.3965950608253479
1170,0.3977605998516083,0.40811190009117126
1171,0.3793356716632843,0.4072537124156952
1172,0.38714298605918884,0.39823436737060547
1173,0.39499035477638245,0.41260194778442383
1174,0.38402411341667175,0.3941953480243683
1175,0.39416056871414185,0.39934685826301575
1176,0.3848946690559387,0.4006485044956207
1177,0.39993172883987427,0.4066930413246155
1178,0.39184749126434326,0.3934880495071411
1179,0.39155110716819763,0.4040164351463318
1180,0.3890814781188965,0.40033265948295593
1181,0.4002015292644501,0.4096946120262146
1182,0.3996700942516327,0.41063931584358215
1183,0.3859701156616211,0.39653289318084717
1184,0.39101678133010864,0.4064372479915619
1185,0.3834116756916046,0.39043569564819336
1186,0.3868965804576874,0.39515554904937744
1187,0.395158052444458,0.398157000541687
1188,0.4037354588508606,0.4127955138683319
1189,0.377622127532959,0.39784833788871765
1190,0.3857634663581848,0.39825910329818726
1191,0.3860892951488495,0.401912122964859
1192,0.3964371085166931,0.3997582197189331
1193,0.389676570892334,0.4105144143104553
1194,0.3910760283470154,0.40259820222854614
1195,0.39534181356430054,0.4115722179412842
1196,0.39165401458740234,0.3967442512512207
1197,0.3836229145526886,0.4014589786529541
1198,0.3881221413612366,0.40307652950286865
1199,0.3827346861362457,0.3922592103481293
1200,0.376417338848114,0.3967677354812622
1201,0.38074442744255066,0.3938307464122772
1202,0.3961905837059021,0.40930718183517456
1203,0.39191916584968567,0.4040302038192749
1204,0.38445061445236206,0.39060041308403015
1205,0.3884926438331604,0.40008243918418884
1206,0.38809823989868164,0.398828387260437
1207,0.38660624623298645,0.39664027094841003
1208,0.39059892296791077,0.4000146687030792
1209,0.38470458984375,0.40018710494041443
1210,0.392373651266098,0.4018211364746094
1211,0.38171321153640747,0.3970489501953125
1212,0.3950830101966858,0.398541659116745
1213,0.3900386095046997,0.39947718381881714
1214,0.3833484649658203,0.4039694368839264
1215,0.39501869678497314,0.39790377020835876
1216,0.3875555098056793,0.40419134497642517
1217,0.38695380091667175,0.4034298360347748
1218,0.39217936992645264,0.4072996973991394
1219,0.38224121928215027,0.38940051198005676
1220,0.3900529742240906,0.4008866548538208
1221,0.3863235414028168,0.3987046778202057
1222,0.38545748591423035,0.4019131660461426
1223,0.3869912028312683,0.39750662446022034
1224,0.3892242908477783,0.4045630395412445
1225,0.3816458284854889,0.4129614531993866
1226,0.3929116129875183,0.39920827746391296
1227,0.39861395955085754,0.4077376425266266
1228,0.3845904767513275,0.40452075004577637
1229,0.3904096484184265,0.4088444411754608
1230,0.3827040493488312,0.3980984687805176
1231,0.3827049136161804,0.41322994232177734
1232,0.3887915015220642,0.40148040652275085
1233,0.3882613182067871,0.39899176359176636
1234,0.38424402475357056,0.398370623588562
1235,0.38827845454216003,0.3968617022037506
1236,0.39327606558799744,0.39897847175598145
1237,0.37838178873062134,0.40757837891578674
1238,0.38958004117012024,0.39859211444854736
1239,0.38371405005455017,0.40524086356163025
1240,0.3827129602432251,0.39451226592063904
1241,0.3815656900405884,0.39203664660453796
1242,0.3812864422798157,0.3982173204421997
1243,0.40006503462791443,0.41415899991989136
1244,0.388174444437027,0.40441417694091797
1245,0.3921668231487274,0.402641624212265
1246,0.38793185353279114,0.4072331488132477
1247,0.38579097390174866,0.39944401383399963
1248,0.383270800113678,0.3979397416114807
1249,0.3960281312465668,0.3959006369113922
1250,0.38446709513664246,0.40150097012519836
1251,0.3849523067474365,0.40455716848373413
1252,0.3939003050327301,0.4102807641029358
1253,0.3840778172016144,0.3965335786342621
1254,0.3921504616737366,0.4062153398990631
1255,0.38797104358673096,0.41955673694610596
1256,0.38268977403640747,0.39775773882865906
1257,0.3961350917816162,0.4009527564048767
1258,0.3878646194934845,0.39611539244651794
1259,0.3891887366771698,0.39329904317855835
1260,0.38554924726486206,0.3951432704925537
1261,0.3898910880088806,0.39408251643180847
1262,0.388428270816803,0.4035341143608093
1263,0.3919750154018402,0.41394102573394775
1264,0.40541568398475647,0.3972678780555725
1265,0.385474294424057,0.3932678997516632
1266,0.38338273763656616,0.4063844084739685
1267,0.3904767632484436,0.39915430545806885
1268,0.4029424786567688,0.40680089592933655
1269,0.38535165786743164,0.3951014578342438
1270,0.3901626169681549,0.3950239419937134
1271,0.388437956571579,0.4130576252937317
1272,0.37694305181503296,0.39386269450187683
1273,0.38470426201820374,0.3944127857685089
1274,0.3867994546890259,0.4122452735900879
1275,0.39062634110450745,0.40105336904525757
1276,0.3882635235786438,0.3958723843097687
1277,0.3859686553478241,0.4140017330646515
1278,0.3940654993057251,0.39667657017707825
1279,0.37900152802467346,0.3951541781425476
1280,0.38696321845054626,0.3920506238937378
1281,0.3872065544128418,0.40056854486465454
1282,0.3889237642288208,0.3898104429244995
1283,0.38728106021881104,0.4133370816707611
1284,0.38678455352783203,0.4044208824634552
1285,0.39888525009155273,0.40663185715675354
1286,0.38312777876853943,0.39913156628608704
1287,0.3932960629463196,0.4033626317977905
1288,0.39774253964424133,0.4084399938583374
1289,0.3949873149394989,0.3971068561077118
1290,0.39473965764045715,0.4021992087364197
1291,0.39353644847869873,0.40511947870254517
1292,0.3929329514503479,0.40756353735923767
1293,0.3948046565055847,0.4088384211063385
1294,0.39840081334114075,0.4039839208126068
1295,0.38941553235054016,0.3908255994319916
1296,0.39802607893943787,0.39981725811958313
1297,0.389967679977417,0.39694744348526
1298,0.3979336619377136,0.40449491143226624
1299,0.38750898838043213,0.427793949842453
1300,0.4013250768184662,0.3952650725841522
1301,0.38770976662635803,0.3992043137550354
1302,0.3964277505874634,0.39726722240448
1303,0.39419642090797424,0.42328718304634094
1304,0.3906190097332001,0.4026876986026764
1305,0.3887392580509186,0.40388667583465576
1306,0.393322616815567,0.3986123502254486
1307,0.3799993395805359,0.39846205711364746
1308,0.3901998996734619,0.39517053961753845
1309,0.38472849130630493,0.40104183554649353
1310,0.3805876076221466,0.3936540186405182
1311,0.39337339997291565,0.41696006059646606
1312,0.3870200514793396,0.40095385909080505
1313,0.4034053385257721,0.39434754848480225
1314,0.3800993859767914,0.39867475628852844
1315,0.3858397305011749,0.39694520831108093
1316,0.3881690502166748,0.40862664580345154
1317,0.38067716360092163,0.4057730734348297
1318,0.38934335112571716,0.3969726264476776
1319,0.38576623797416687,0.406852126121521
1320,0.39001691341400146,0.40335893630981445
1321,0.3886767625808716,0.41133973002433777
1322,0.4018346965312958,0.40340664982795715
1323,0.3907451033592224,0.40631482005119324
1324,0.3972207307815552,0.40189385414123535
1325,0.38886141777038574,0.3923095166683197
1326,0.39866966009140015,0.4073374569416046
1327,0.3878273665904999,0.3928009867668152
1328,0.3916354775428772,0.41040152311325073
1329,0.3881465792655945,0.4072518050670624
1330,0.3867693841457367,0.40513020753860474
1331,0.38186177611351013,0.4024072289466858
1332,0.3856600522994995,0.39910805225372314
1333,0.38510993123054504,0.3930278420448303
1334,0.38074347376823425,0.39674535393714905
1335,0.38042283058166504,0.3965533971786499
1336,0.3869852125644684,0.39541900157928467
1337,0.3801056444644928,0.39475929737091064
1338,0.38282614946365356,0.40675437450408936
1339,0.38299793004989624,0.3898521661758423
1340,0.3898533880710602,0.40880218148231506
1341,0.3844005763530731,0.39354878664016724
1342,0.38478246331214905,0.4107118844985962
1343,0.3896828889846802,0.40566664934158325
1344,0.3847052752971649,0.41015586256980896
1345,0.3858301639556885,0.3936285376548767
1346,0.37926796078681946,0.39084234833717346
1347,0.38853195309638977,0.40976595878601074
1348,0.38056302070617676,0.406517893075943
1349,0.3872392773628235,0.3871435523033142
1350,0.38727495074272156,0.3962917923927307
1351,0.38999253511428833,0.3958001732826233
1352,0.3988146185874939,0.3964821696281433
1353,0.3998245894908905,0.40237754583358765
1354,0.4023386538028717,0.3968842029571533
1355,0.3998492956161499,0.400169312953949
1356,0.4103846848011017,0.4343092739582062
1357,0.3954809010028839,0.4173135757446289
1358,0.39030539989471436,0.4019238352775574
1359,0.3890382647514343,0.41466012597084045
1360,0.3982408344745636,0.3963038921356201
1361,0.3929610252380371,0.3970679044723511
1362,0.3942316472530365,0.41117000579833984
1363,0.3907272517681122,0.40168052911758423
1364,0.40139827132225037,0.41637730598449707
1365,0.39377284049987793,0.40475744009017944
1366,0.3984600603580475,0.4014999568462372
1367,0.3922339975833893,0.39911213517189026
1368,0.38538727164268494,0.39256012439727783
1369,0.3882603943347931,0.41415899991989136
1370,0.3921532928943634,0.4072733223438263
1371,0.4013547897338867,0.40482255816459656
1372,0.3948057293891907,0.4084361791610718
1373,0.3941681981086731,0.3950682282447815
1374,0.38515716791152954,0.397627592086792
1375,0.38774436712265015,0.403208464384079
1376,0.39134833216667175,0.39884403347969055
1377,0.3913816213607788,0.40306997299194336
1378,0.39245060086250305,0.39556851983070374
1379,0.40267467498779297,0.4034756124019623
1380,0.39617985486984253,0.4056067168712616
1381,0.3863755464553833,0.3984893560409546
1382,0.38921210169792175,0.40540871024131775
1383,0.38508448004722595,0.4031502306461334
1384,0.3802512586116791,0.4014662504196167
1385,0.3914465308189392,0.39790329337120056
1386,0.3859487473964691,0.39423874020576477
1387,0.39386168122291565,0.4106917083263397
1388,0.3901570737361908,0.39400428533554077
1389,0.3928855359554291,0.40625351667404175
1390,0.3883242905139923,0.39678722620010376
1391,0.38974690437316895,0.38661864399909973
1392,0.397194504737854,0.3823029696941376
1393,0.3915082514286041,0.39806172251701355
1394,0.3938930928707123,0.3967028558254242
1395,0.39293113350868225,0.39609667658805847
1396,0.3868507146835327,0.38557422161102295
1397,0.38766375184059143,0.38279834389686584
1398,0.3863174021244049,0.3923902213573456
1399,0.39233580231666565,0.38755571842193604
1400,0.3816550672054291,0.3855981230735779
1401,0.39443594217300415,0.3957086205482483
1402,0.3903639614582062,0.40241938829421997
1403,0.38776707649230957,0.38793623447418213
1404,0.38103166222572327,0.3858467638492584
1405,0.39683401584625244,0.39414161443710327
1406,0.39585021138191223,0.3798423707485199
1407,0.38135218620300293,0.38881441950798035
1408,0.3852591812610626,0.38930878043174744
1409,0.3848382532596588,0.39507362246513367
1410,0.38918039202690125,0.39064761996269226
1411,0.3914375901222229,0.3969305455684662
1412,0.3817923367023468,0.4015953242778778
1413,0.38696756958961487,0.39983537793159485
1414,0.3935944437980652,0.38992393016815186
1415,0.3830050826072693,0.39232659339904785
1416,0.39144080877304077,0.40754836797714233
1417,0.3829692602157593,0.3852945864200592
1418,0.3878881335258484,0.39871805906295776
1419,0.383867084980011,0.3909129798412323
1420,0.3880716562271118,0.39966121315956116
1421,0.3857691287994385,0.4058550298213959
1422,0.3912554085254669,0.39653876423835754
1423,0.3870292007923126,0.4046688675880432
1424,0.3783080577850342,0.38812312483787537
1425,0.38687577843666077,0.39786437153816223
1426,0.3879462480545044,0.3851766884326935
1427,0.3885706067085266,0.3989945948123932
1428,0.39193829894065857,0.39843595027923584
1429,0.3930681049823761,0.3949744403362274
1430,0.38933539390563965,0.4028380215167999
1431,0.3913850784301758,0.401676207780838
1432,0.3873026371002197,0.39808133244514465
1433,0.3932492136955261,0.4090384840965271
1434,0.3866428732872009,0.40609145164489746
1435,0.3895300328731537,0.39284375309944153
1436,0.3979882001876831,0.3863559663295746
1437,0.39036989212036133,0.404194176197052
1438,0.3928380310535431,0.39391854405403137
1439,0.40394914150238037,0.409226655960083
1440,0.3894294798374176,0.40892043709754944
1441,0.3994348645210266,0.39562544226646423
1442,0.38856998085975647,0.39457300305366516
1443,0.39920976758003235,0.39358943700790405
1444,0.3948981463909149,0.3970983028411865
1445,0.38977694511413574,0.3935161828994751
1446,0.39952874183654785,0.3943935036659241
1447,0.40223875641822815,0.3997129201889038
1448,0.39076685905456543,0.3895440995693207
1449,0.3943706750869751,0.4020501375198364
1450,0.38699764013290405,0.39383259415626526
1451,0.3985561430454254,0.4005435109138489
1452,0.39209040999412537,0.4006904065608978
1453,0.3997991681098938,0.40323054790496826
1454,0.3928118944168091,0.38946351408958435
1455,0.3944421708583832,0.3976067304611206
1456,0.3894486427307129,0.39454174041748047
1457,0.38753461837768555,0.3821522295475006
1458,0.3883812129497528,0.4129314124584198
1459,0.3865950405597687,0.3856007754802704
1460,0.3938310742378235,0.3901337683200836
1461,0.396984338760376,0.3909299373626709
1462,0.40199708938598633,0.3961939215660095
1463,0.3868224024772644,0.4006730020046234
1464,0.3860395848751068,0.3830345571041107
1465,0.40346598625183105,0.4186317026615143
1466,0.39831212162971497,0.3975633382797241
1467,0.3824363350868225,0.3936115503311157
1468,0.4139676094055176,0.39760252833366394
1469,0.3939783275127411,0.4077387750148773
1470,0.3904934525489807,0.38689133524894714
1471,0.3835700452327728,0.40310969948768616
1472,0.3918116092681885,0.4092405438423157
1473,0.3906892240047455,0.39930981397628784
1474,0.3957943618297577,0.39729127287864685
1475,0.39438819885253906,0.39312899112701416
1476,0.3985948860645294,0.39858993887901306
1477,0.38943153619766235,0.3946431875228882
1478,0.40262019634246826,0.40222835540771484
1479,0.39746731519699097,0.4135455787181854
1480,0.3940291404724121,0.40653562545776367
1481,0.3963508903980255,0.3949989974498749
1482,0.39917346835136414,0.4093727469444275
1483,0.39424267411231995,0.39730697870254517
1484,0.397885262966156,0.40777936577796936
1485,0.39551156759262085,0.40155601501464844
1486,0.38419109582901,0.3835240304470062
1487,0.389538049697876,0.4002179801464081
1488,0.39045292139053345,0.3990857005119324
1489,0.39388561248779297,0.40566977858543396
1490,0.3957440257072449,0.40489447116851807
1491,0.37619855999946594,0.4075806140899658
1492,0.3944246470928192,0.4032723307609558
1493,0.39134785532951355,0.393133282661438
1494,0.38062500953674316,0.3926839232444763
1495,0.38486337661743164,0.3933636546134949
1496,0.3874026834964752,0.404161274433136
1497,0.3899194300174713,0.39548373222351074
1498,0.3959487974643707,0.41342437267303467
1499,0.403005450963974,0.3991605341434479
1500,0.402226060628891,0.3949601948261261
1501,0.3911181092262268,0.4025595188140869
1502,0.3949239253997803,0.41159123182296753
1503,0.3993462026119232,0.39319339394569397
1504,0.3941417932510376,0.410942405462265
1505,0.3859599530696869,0.3982378840446472
1506,0.38280031085014343,0.39221346378326416
1507,0.40876996517181396,0.41030851006507874
1508,0.38864755630493164,0.39840689301490784
1509,0.3934197425842285,0.39250922203063965
1510,0.39894983172416687,0.39370444416999817
1511,0.401324063539505,0.39654189348220825
1512,0.38151437044143677,0.4064550995826721
1513,0.3864262104034424,0.39327186346054077
1514,0.3928748369216919,0.3900245726108551
1515,0.3907789885997772,0.3994787335395813
1516,0.38826674222946167,0.4039803445339203
1517,0.3955202102661133,0.408973753452301
1518,0.40055859088897705,0.3966342806816101
1519,0.38768526911735535,0.3891568183898926
1520,0.3898858428001404,0.39762744307518005
1521,0.3944946825504303,0.3907642066478729
1522,0.38814398646354675,0.3951091766357422
1523,0.38793402910232544,0.3982221782207489
1524,0.39817360043525696,0.4060651361942291
1525,0.400820791721344,0.39852502942085266
1526,0.3959929347038269,0.4185405671596527
1527,0.3928031623363495,0.39375635981559753
1528,0.39357513189315796,0.4034183621406555
1529,0.39371922612190247,0.40497082471847534
1530,0.3866734504699707,0.40638336539268494
1531,0.3987903892993927,0.4242555797100067
1532,0.3974419832229614,0.3977804481983185
1533,0.397361159324646,0.4159761667251587
1534,0.39064761996269226,0.39368316531181335
1535,0.3923414349555969,0.3907763659954071
1536,0.4052063226699829,0.4201540946960449
1537,0.392465204000473,0.40657851099967957
1538,0.3877795934677124,0.3958475887775421
1539,0.39387840032577515,0.39963746070861816
1540,0.38887453079223633,0.3893071115016937
1541,0.39243191480636597,0.3884146809577942
1542,0.3919990360736847,0.3816215395927429
1543,0.3942951560020447,0.39409297704696655
1544,0.39968785643577576,0.4174295663833618
1545,0.3918507695198059,0.4015467166900635
1546,0.38502103090286255,0.3946976959705353
1547,0.3955997824668884,0.41531479358673096
1548,0.40412405133247375,0.40073734521865845
1549,0.3944893777370453,0.3936595916748047
1550,0.395426481962204,0.394877165555954
1551,0.3878685235977173,0.39079996943473816
1552,0.38408324122428894,0.384486585855484
1553,0.38536733388900757,0.400837779045105
1554,0.3907296061515808,0.39380237460136414
1555,0.3799782693386078,0.39308443665504456
1556,0.38840100169181824,0.40231189131736755
1557,0.3888261616230011,0.3957158625125885
1558,0.38951629400253296,0.3962687849998474
1559,0.3825933337211609,0.38793715834617615
1560,0.38762393593788147,0.3937070369720459
1561,0.3953351676464081,0.4017062485218048
1562,0.3890395760536194,0.3993173837661743
1563,0.37894752621650696,0.4109467566013336
1564,0.3963419497013092,0.3975968062877655
1565,0.39836373925209045,0.4036400318145752
1566,0.39109429717063904,0.3958871364593506
1567,0.3843458890914917,0.4161442816257477
1568,0.396889328956604,0.40249165892601013
1569,0.38926568627357483,0.4015227258205414
1570,0.38363489508628845,0.41797810792922974
1571,0.3860626518726349,0.3971978425979614
1572,0.392241507768631,0.3980415463447571
1573,0.3847977817058563,0.3878532350063324
1574,0.3918015658855438,0.39668917655944824
1575,0.3827715516090393,0.3887665271759033
1576,0.3915506899356842,0.3918463885784149
1577,0.39672696590423584,0.40579402446746826
1578,0.3874776065349579,0.3969404101371765
1579,0.3971242308616638,0.39804401993751526
1580,0.3891473710536957,0.3989831507205963
1581,0.38337627053260803,0.38772907853126526
1582,0.39356669783592224,0.39216893911361694
1583,0.39058414101600647,0.3980235457420349
1584,0.3929045796394348,0.39777645468711853
1585,0.3911886513233185,0.39315709471702576
1586,0.3767417073249817,0.3965801000595093
1587,0.3852592408657074,0.3858165442943573
1588,0.3905090391635895,0.4161849617958069
1589,0.3854919970035553,0.39135685563087463
1590,0.38094061613082886,0.401034414768219
1591,0.3821103870868683,0.4057612121105194
1592,0.38275235891342163,0.3918735682964325
1593,0.3716747760772705,0.3904779851436615
1594,0.39883455634117126,0.3922065794467926
1595,0.38109079003334045,0.3975720703601837
1596,0.3873870372772217,0.3921879231929779
1597,0.3831084370613098,0.3925904333591461
1598,0.38499218225479126,0.386867493391037
1599,0.3908291757106781,0.4128061532974243
1600,0.38636285066604614,0.3944317102432251
1601,0.3868041932582855,0.4008769989013672
1602,0.3870869278907776,0.41217249631881714
1603,0.38237255811691284,0.4045845866203308
1604,0.3885817229747772,0.39758703112602234
1605,0.384120374917984,0.39045271277427673
1606,0.3933582603931427,0.3977689743041992
1607,0.40144509077072144,0.4192083477973938
1608,0.38407397270202637,0.4107357859611511
1609,0.393900990486145,0.39826804399490356
1610,0.391252726316452,0.40246060490608215
1611,0.38059937953948975,0.40337586402893066
1612,0.38882675766944885,0.3983977437019348
1613,0.36771684885025024,0.39396896958351135
1614,0.39898550510406494,0.40944403409957886
1615,0.38136783242225647,0.3932517468929291
1616,0.38324791193008423,0.3907531499862671
1617,0.38722658157348633,0.39207762479782104
1618,0.39034590125083923,0.4080241620540619
1619,0.38702961802482605,0.38797926902770996
1620,0.38991835713386536,0.40227845311164856
1621,0.38309380412101746,0.4036155343055725
1622,0.3932788372039795,0.3801625370979309
1623,0.39258551597595215,0.4154578745365143
1624,0.39505091309547424,0.41349494457244873
1625,0.3864092528820038,0.4106585681438446
1626,0.38755854964256287,0.3892076313495636
1627,0.39127984642982483,0.39137834310531616
1628,0.3880811333656311,0.4060642123222351
1629,0.38506102561950684,0.3964315354824066
1630,0.3854295015335083,0.38943326473236084
1631,0.3842901885509491,0.40090933442115784
1632,0.3823060989379883,0.3862683176994324
1633,0.3855479955673218,0.3975527286529541
1634,0.3860778510570526,0.40769582986831665
1635,0.38685664534568787,0.40770837664604187
1636,0.3847215473651886,0.3890734612941742
1637,0.3786969780921936,0.3930152952671051
1638,0.376973032951355,0.39935123920440674
1639,0.3912838101387024,0.3952662944793701
1640,0.3821173310279846,0.38969185948371887
1641,0.3797866702079773,0.39862754940986633
1642,0.3790424168109894,0.39742547273635864
1643,0.3852593004703522,0.3953305184841156
1644,0.3772047162055969,0.3915307819843292
1645,0.3806251585483551,0.3810182213783264
1646,0.3810284733772278,0.3910363018512726
1647,0.3820679187774658,0.3876935839653015
1648,0.39013728499412537,0.3959767520427704
1649,0.3827187120914459,0.3967049717903137
1650,0.37564197182655334,0.38694265484809875
1651,0.37801289558410645,0.3889804780483246
1652,0.3783452808856964,0.37790247797966003
1653,0.38185426592826843,0.37976494431495667
1654,0.3875681757926941,0.3810019791126251
1655,0.38186392188072205,0.3929048478603363
1656,0.3862622082233429,0.38516610860824585
1657,0.3762395977973938,0.38261550664901733
1658,0.37640759348869324,0.40102747082710266
1659,0.3921075463294983,0.38133499026298523
1660,0.3743669092655182,0.37770336866378784
1661,0.3784807026386261,0.38325223326683044
1662,0.38206177949905396,0.38342756032943726
1663,0.38496625423431396,0.39183786511421204
1664,0.3793073892593384,0.37667739391326904
1665,0.38148602843284607,0.39512336254119873
1666,0.3758143484592438,0.37720170617103577
1667,0.37558916211128235,0.381106436252594
1668,0.3785478174686432,0.3845169246196747
1669,0.3815988600254059,0.38423633575439453
1670,0.3842819929122925,0.39284488558769226
1671,0.38518592715263367,0.39079803228378296
1672,0.3898340165615082,0.39508044719696045
1673,0.3738209903240204,0.3882323205471039
1674,0.3855949640274048,0.3953239321708679
1675,0.3892449140548706,0.401247501373291
1676,0.383726567029953,0.3911411464214325
1677,0.3904588520526886,0.38398265838623047
1678,0.38153156638145447,0.3893982768058777
1679,0.38197579979896545,0.3881039619445801
1680,0.3894628584384918,0.4021764099597931
1681,0.3778455853462219,0.39313745498657227
1682,0.3881330192089081,0.40222808718681335
1683,0.3925514817237854,0.3984311819076538
1684,0.3881222605705261,0.3826901912689209
1685,0.3891609311103821,0.38491588830947876
1686,0.37328705191612244,0.3736165761947632
1687,0.378036230802536,0.3746374249458313
1688,0.3781531751155853,0.4031689465045929
1689,0.37357407808303833,0.3895460069179535
1690,0.38273313641548157,0.38287705183029175
1691,0.3965538740158081,0.39420583844184875
1692,0.3877284526824951,0.3914627432823181
1693,0.3781505525112152,0.3850877583026886
1694,0.383960098028183,0.4020502269268036
1695,0.3856469988822937,0.38555753231048584
1696,0.3877693712711334,0.3851469159126282
1697,0.38555100560188293,0.39959606528282166
1698,0.38396432995796204,0.39844146370887756
1699,0.38764816522598267,0.38714146614074707
1700,0.38530808687210083,0.39639177918434143
1701,0.39327433705329895,0.4040254056453705
1702,0.39312008023262024,0.39269211888313293
1703,0.3822135627269745,0.38740667700767517
1704,0.397076815366745,0.4296671748161316
1705,0.3936811089515686,0.40261682868003845
1706,0.3964599072933197,0.3959750235080719
1707,0.39091935753822327,0.40363627672195435
1708,0.38407158851623535,0.3940671682357788
1709,0.39081093668937683,0.390941321849823
1710,0.38321998715400696,0.3962610363960266
1711,0.3906538486480713,0.3942907750606537
1712,0.40535277128219604,0.40520182251930237
1713,0.4015062749385834,0.39578112959861755
1714,0.39508041739463806,0.3879314959049225
1715,0.38988739252090454,0.3873848021030426
1716,0.3876378536224365,0.3921884596347809
1717,0.3851760923862457,0.39805927872657776
1718,0.38142815232276917,0.3866593837738037
1719,0.39347031712532043,0.4042566418647766
1720,0.39589956402778625,0.4133662283420563
1721,0.39642417430877686,0.40188732743263245
1722,0.40295568108558655,0.3978615999221802
1723,0.3890897035598755,0.3934447765350342
1724,0.3931288719177246,0.4047345817089081
1725,0.39290720224380493,0.40377166867256165
1726,0.3916720151901245,0.40828806161880493
1727,0.38995879888534546,0.3983217179775238
1728,0.4073559641838074,0.410634845495224
1729,0.4008246958255768,0.40431344509124756
1730,0.3980899155139923,0.4036398231983185
1731,0.4025786817073822,0.42083072662353516
1732,0.39484018087387085,0.39786386489868164
1733,0.3876603841781616,0.41370564699172974
1734,0.3848126530647278,0.37701016664505005
1735,0.389728844165802,0.41701099276542664
1736,0.3938350975513458,0.4106527268886566
1737,0.3986099660396576,0.4049663543701172
1738,0.387326717376709,0.3939315676689148
1739,0.38328641653060913,0.39622101187705994
1740,0.39308851957321167,0.39717429876327515
1741,0.39140453934669495,0.3918823003768921
1742,0.3905858099460602,0.3947281241416931
1743,0.4028850793838501,0.39656296372413635
1744,0.4033009111881256,0.40468358993530273
1745,0.3835740387439728,0.3943471312522888
1746,0.3882580101490021,0.4040626883506775
1747,0.386104017496109,0.4009063243865967
1748,0.39840084314346313,0.3995264768600464
1749,0.38590097427368164,0.392231822013855
1750,0.39203405380249023,0.3914289176464081
1751,0.38491249084472656,0.37977948784828186
1752,0.3928926885128021,0.3926943838596344
1753,0.3920312821865082,0.40012913942337036
1754,0.3877280056476593,0.4056875705718994
1755,0.39422354102134705,0.3948802351951599
1756,0.3910953402519226,0.3861353397369385
1757,0.38614362478256226,0.40922117233276367
1758,0.37663862109184265,0.38327744603157043
1759,0.3881673514842987,0.3998625576496124
1760,0.3899499773979187,0.37935811281204224
1761,0.38342756032943726,0.39116430282592773
1762,0.3940204083919525,0.39970284700393677
1763,0.39081987738609314,0.3948209285736084
1764,0.3845353424549103,0.39432305097579956
1765,0.3884951174259186,0.41865774989128113
1766,0.38882455229759216,0.38585329055786133
1767,0.38094276189804077,0.3957359492778778
1768,0.3897422254085541,0.3956870436668396
1769,0.391195684671402,0.41578570008277893
1770,0.3986113965511322,0.40176042914390564
1771,0.3869380056858063,0.3951036334037781
1772,0.39669546484947205,0.4040718674659729
1773,0.3925355076789856,0.39898592233657837
1774,0.38861924409866333,0.3942811191082001
1775,0.3936854600906372,0.39437583088874817
1776,0.3903995752334595,0.39795342087745667
1777,0.3900658190250397,0.39977753162384033
1778,0.3813028335571289,0.38062790036201477
1779,0.39631983637809753,0.4031718373298645
1780,0.3948820233345032,0.398770272731781
1781,0.4015626907348633,0.4029881954193115
1782,0.40193313360214233,0.39492326974868774
1783,0.38250553607940674,0.39530375599861145
1784,0.3987511992454529,0.41353651881217957
1785,0.39601266384124756,0.4289111793041229
1786,0.3909815847873688,0.40243029594421387
1787,0.39098498225212097,0.40310922265052795
1788,0.3941178023815155,0.4058431088924408
1789,0.3936540186405182,0.4009699523448944
1790,0.39558061957359314,0.3940005898475647
1791,0.387218177318573,0.40035200119018555
1792,0.3937585949897766,0.3989076316356659
1793,0.4080331027507782,0.4107751250267029
1794,0.3901212215423584,0.4010218679904938
1795,0.39307767152786255,0.3976515829563141
1796,0.3765943944454193,0.3962002992630005
1797,0.38807862997055054,0.39898180961608887
1798,0.390963613986969,0.3945987820625305
1799,0.37673109769821167,0.39587661623954773
1800,0.3935112953186035,0.403333842754364
1801,0.3941567838191986,0.3998931348323822
1802,0.3919828534126282,0.4138023853302002
1803,0.3912428617477417,0.3916603922843933
1804,0.39285990595817566,0.4039928615093231
1805,0.3948976993560791,0.40735334157943726
1806,0.38975051045417786,0.39984044432640076
1807,0.39628365635871887,0.3940683901309967
1808,0.39193195104599,0.39788854122161865
1809,0.394550085067749,0.39584267139434814
1810,0.39782559871673584,0.39661791920661926
1811,0.3921862840652466,0.401510626077652
1812,0.3968091905117035,0.41054266691207886
1813,0.40184324979782104,0.42208197712898254
1814,0.4038413166999817,0.39357271790504456
1815,0.3944213390350342,0.4071063995361328
1816,0.4016047418117523,0.41245895624160767
1817,0.4002356231212616,0.41937580704689026
1818,0.3993839621543884,0.40253764390945435
1819,0.39497610926628113,0.4030773341655731
1820,0.4011554419994354,0.4101514220237732
1821,0.3980925977230072,0.39847007393836975
1822,0.39562204480171204,0.3975003957748413
1823,0.3961607813835144,0.3948034644126892
1824,0.40374621748924255,0.4062773585319519
1825,0.38938814401626587,0.4110047519207001
1826,0.39867648482322693,0.4026080071926117
1827,0.3932609260082245,0.4034188687801361
1828,0.3893391191959381,0.39402976632118225
1829,0.3965527415275574,0.4025436043739319
1830,0.3882876932621002,0.39501091837882996
1831,0.392751008272171,0.39242807030677795
1832,0.39859533309936523,0.41116148233413696
1833,0.3962394595146179,0.39535555243492126
1834,0.384061723947525,0.40514567494392395
1835,0.3874143660068512,0.3908851444721222
1836,0.3889784812927246,0.39627107977867126
1837,0.394181489944458,0.3922771215438843
1838,0.3902019262313843,0.39891478419303894
1839,0.3888995945453644,0.3993181884288788
1840,0.39853009581565857,0.4075761139392853
1841,0.40242815017700195,0.40953224897384644
1842,0.4004081189632416,0.40371960401535034
1843,0.399885356426239,0.39651498198509216
1844,0.39077481627464294,0.39866510033607483
1845,0.3904789984226227,0.4040178656578064
1846,0.3910490870475769,0.4098617434501648
1847,0.395537793636322,0.4176258444786072
1848,0.3983513116836548,0.4237987995147705
1849,0.3980812430381775,0.4132317006587982
1850,0.39800822734832764,0.40259304642677307
1851,0.40525418519973755,0.4090987741947174
1852,0.40409132838249207,0.4181094765663147
1853,0.40283453464508057,0.4140370488166809
1854,0.3877256214618683,0.3911535143852234
1855,0.38853421807289124,0.412882000207901
1856,0.39777901768684387,0.40359121561050415
1857,0.3952030837535858,0.4087255299091339
1858,0.39197349548339844,0.40032848715782166
1859,0.3973865807056427,0.4053457975387573
1860,0.38977551460266113,0.3974822163581848
1861,0.39253413677215576,0.40566757321357727
1862,0.3880235254764557,0.4042013883590698
1863,0.39528051018714905,0.4196476936340332
1864,0.39116987586021423,0.41030868887901306
1865,0.39883995056152344,0.4077857732772827
1866,0.40226590633392334,0.4040045440196991
1867,0.39118146896362305,0.40286749601364136
1868,0.3929113447666168,0.4111728072166443
1869,0.38935586810112,0.3935762047767639
1870,0.39131075143814087,0.4039628803730011
1871,0.3983166813850403,0.4267159402370453
1872,0.40029382705688477,0.39785483479499817
1873,0.40209251642227173,0.4022420048713684
1874,0.38849133253097534,0.39444196224212646
1875,0.3889927268028259,0.409427672624588
1876,0.39384329319000244,0.39903494715690613
1877,0.3851434588432312,0.4079201817512512
1878,0.39078906178474426,0.4167522192001343
1879,0.4053984582424164,0.4045830965042114
1880,0.3950667977333069,0.40796706080436707
1881,0.40240687131881714,0.39953675866127014
1882,0.4016946256160736,0.4231815040111542
1883,0.4005913734436035,0.41659069061279297
1884,0.39503002166748047,0.41174784302711487
1885,0.39768606424331665,0.40406861901283264
1886,0.3959680199623108,0.40606096386909485
1887,0.40372318029403687,0.39625057578086853
1888,0.3991226255893707,0.40076184272766113
1889,0.39031872153282166,0.40398550033569336
1890,0.38658592104911804,0.3990801274776459
1891,0.3947044312953949,0.4008807837963104
1892,0.3989005386829376,0.4134119749069214
1893,0.40796253085136414,0.4065987765789032
1894,0.40077537298202515,0.41622236371040344
1895,0.3871438801288605,0.41995522379875183
1896,0.3949739336967468,0.4040291905403137
1897,0.39155319333076477,0.4087076485157013
1898,0.3969825208187103,0.4109777808189392
1899,0.4006187319755554,0.41127535700798035
1900,0.39703062176704407,0.40596649050712585
1901,0.38053998351097107,0.4033650755882263
1902,0.3987347483634949,0.41036611795425415
1903,0.3937969207763672,0.42154446244239807
1904,0.38983580470085144,0.4038161039352417
1905,0.39908596873283386,0.3999476730823517
1906,0.3933669924736023,0.4189337193965912
1907,0.39284569025039673,0.43456384539604187
1908,0.39758390188217163,0.39712774753570557
1909,0.39222127199172974,0.40668267011642456
1910,0.3959784209728241,0.423793762922287
1911,0.39016932249069214,0.40747129917144775
1912,0.3996741771697998,0.4127766788005829
1913,0.389029324054718,0.4049088656902313
1914,0.39134830236434937,0.40065187215805054
1915,0.39172232151031494,0.40354689955711365
1916,0.39544960856437683,0.433712363243103
1917,0.39172494411468506,0.41070374846458435
1918,0.3959783613681793,0.4061342477798462
1919,0.39740708470344543,0.43377912044525146
1920,0.39429566264152527,0.40181776881217957
1921,0.3860777020454407,0.3973497450351715
1922,0.39428043365478516,0.41338256001472473
1923,0.40206292271614075,0.4105616807937622
1924,0.39051395654678345,0.40079012513160706
1925,0.39125511050224304,0.40984952449798584
1926,0.39958456158638,0.42303919792175293
1927,0.4091552495956421,0.4112538695335388
1928,0.4013086259365082,0.40520232915878296
1929,0.40604841709136963,0.4351227581501007
1930,0.4080010950565338,0.42077144980430603
1931,0.397215873003006,0.4079118072986603
1932,0.39860689640045166,0.4099580645561218
1933,0.3990285098552704,0.41273924708366394
1934,0.405364990234375,0.4162667691707611
1935,0.4026729166507721,0.4151698350906372
1936,0.3949836790561676,0.40406450629234314
1937,0.4027343988418579,0.41020700335502625
1938,0.3985927999019623,0.42349523305892944
1939,0.39773139357566833,0.4027184844017029
1940,0.3997211158275604,0.4084726572036743
1941,0.3966802656650543,0.4038366675376892
1942,0.3989582359790802,0.4186798632144928
1943,0.40304845571517944,0.4166698753833771
1944,0.3905062675476074,0.41274532675743103
1945,0.38849732279777527,0.4057902991771698
1946,0.3948155641555786,0.40820086002349854
1947,0.39714160561561584,0.4171050190925598
1948,0.4012419879436493,0.4212799370288849
1949,0.38792309165000916,0.4111749231815338
1950,0.4001493752002716,0.40993058681488037
1951,0.38707566261291504,0.40558910369873047
1952,0.3898111879825592,0.4076650142669678
1953,0.39668336510658264,0.4158185124397278
1954,0.3888823688030243,0.4179822504520416
1955,0.40423914790153503,0.40102946758270264
1956,0.4196268320083618,0.43403157591819763
1957,0.39710894227027893,0.41312175989151
1958,0.3952016532421112,0.42560842633247375
1959,0.3978482186794281,0.4134540855884552
1960,0.3899220824241638,0.3984168469905853
1961,0.39782676100730896,0.4013221561908722
1962,0.39829713106155396,0.4076027572154999
1963,0.40310654044151306,0.42088526487350464
1964,0.39149606227874756,0.4112238883972168
1965,0.40114647150039673,0.4089294672012329
1966,0.3842880129814148,0.4097067713737488
1967,0.40032681822776794,0.4062105715274811
1968,0.39614763855934143,0.40669170022010803
1969,0.3986194133758545,0.4010131359100342
1970,0.3864748477935791,0.4146212637424469
1971,0.3977966904640198,0.40713560581207275
1972,0.3883601427078247,0.4128499925136566
1973,0.38551440834999084,0.4081490933895111
1974,0.4014378488063812,0.40383389592170715
1975,0.3977413475513458,0.4133095145225525
1976,0.3870704770088196,0.402990460395813
1977,0.3948391377925873,0.40081480145454407
1978,0.39258962869644165,0.40417152643203735
1979,0.3913585841655731,0.39921462535858154
1980,0.3934977650642395,0.39756959676742554
1981,0.3980328440666199,0.42131733894348145
1982,0.39457497000694275,0.40672871470451355
1983,0.39301082491874695,0.39868491888046265
1984,0.4043421447277069,0.39985406398773193
1985,0.4059922397136688,0.4143630862236023
1986,0.40349557995796204,0.40431392192840576
1987,0.402908593416214,0.4056991934776306
1988,0.3938300311565399,0.3970010578632355
1989,0.39104047417640686,0.41960659623146057
1990,0.4045787453651428,0.41524738073349
1991,0.40000900626182556,0.40930691361427307
1992,0.3985059857368469,0.41046473383903503
1993,0.39320626854896545,0.40725213289260864
1994,0.3969758450984955,0.4046449363231659
1995,0.40439385175704956,0.40978604555130005
1996,0.4191712737083435,0.42197784781455994
1997,0.40061312913894653,0.4148905277252197
1998,0.4112209677696228,0.40772709250450134
1999,0.40125399827957153,0.42632782459259033
2000,0.4123060405254364,0.41294872760772705
2001,0.4019763171672821,0.4262996315956116
2002,0.40858975052833557,0.41588538885116577
2003,0.40939635038375854,0.4164523482322693
2004,0.40511757135391235,0.41724419593811035
2005,0.39746734499931335,0.41220107674598694
2006,0.4175732731819153,0.4277578890323639
2007,0.4092828631401062,0.4170866310596466
2008,0.40554556250572205,0.417260080575943
2009,0.4140259921550751,0.41770532727241516
2010,0.4039956033229828,0.4117262363433838
2011,0.4051251709461212,0.41117289662361145
2012,0.40719589591026306,0.41002658009529114
2013,0.4045565724372864,0.4098615348339081
2014,0.3963381052017212,0.41683030128479004
2015,0.4064751863479614,0.4278619885444641
2016,0.398190438747406,0.40806278586387634
2017,0.40261054039001465,0.4179494082927704
2018,0.40293189883232117,0.4133771061897278
2019,0.4189498722553253,0.4235990643501282
2020,0.4095931649208069,0.4080042541027069
2021,0.40588662028312683,0.41822904348373413
2022,0.4042511582374573,0.4120306968688965
2023,0.4106464385986328,0.41805559396743774
2024,0.40372034907341003,0.4328203499317169
2025,0.4164943993091583,0.421025812625885
2026,0.4058978259563446,0.42696794867515564
2027,0.4010433852672577,0.40564921498298645
2028,0.40916186571121216,0.41666218638420105
2029,0.40841346979141235,0.41634002327919006
2030,0.40704038739204407,0.4194555878639221
2031,0.3997999131679535,0.40568432211875916
2032,0.4123893976211548,0.4112868309020996
2033,0.40751340985298157,0.4241560101509094
2034,0.396957129240036,0.41195985674858093
2035,0.40751388669013977,0.4143844544887543
2036,0.40767890214920044,0.4127546548843384
2037,0.41313639283180237,0.4266320466995239
2038,0.40490373969078064,0.40784111618995667
2039,0.40181905031204224,0.41987326741218567
2040,0.4132477939128876,0.4116304814815521
2041,0.40547773241996765,0.4254387319087982
2042,0.41577717661857605,0.41836676001548767
2043,0.4111344814300537,0.41497066617012024
2044,0.4074220657348633,0.41220900416374207
2045,0.41013967990875244,0.42971691489219666
2046,0.4041266441345215,0.4173040986061096
2047,0.4102983772754669,0.4200937747955322
2048,0.4138695299625397,0.4186042547225952
2049,0.40621528029441833,0.40954673290252686
2050,0.4066694676876068,0.4117433726787567
2051,0.4127867817878723,0.4193859398365021
2052,0.40821629762649536,0.4256816804409027
2053,0.40435829758644104,0.42130324244499207
2054,0.4043399393558502,0.4415055215358734
2055,0.39328256249427795,0.4041885733604431
2056,0.4028048515319824,0.4156666398048401
2057,0.40412837266921997,0.44201257824897766
2058,0.40715500712394714,0.4023261070251465
2059,0.40325555205345154,0.407044380903244
2060,0.3991883397102356,0.4299081265926361
2061,0.40108537673950195,0.41026368737220764
2062,0.39942172169685364,0.4169362783432007
2063,0.4004591703414917,0.42243626713752747
2064,0.39927735924720764,0.41997063159942627
2065,0.40256187319755554,0.43095287680625916
2066,0.41456201672554016,0.4281407296657562
2067,0.40111243724823,0.4122454822063446
2068,0.40978580713272095,0.4180794060230255
2069,0.40217870473861694,0.41865456104278564
2070,0.4118960499763489,0.4288315176963806
2071,0.4078691303730011,0.40785956382751465
2072,0.4013889729976654,0.4147886335849762
2073,0.3959748446941376,0.4030478894710541
2074,0.410249263048172,0.42971694469451904
2075,0.40092578530311584,0.4377991855144501
2076,0.40408939123153687,0.4363308846950531
2077,0.40331190824508667,0.41446372866630554
2078,0.3978187143802643,0.40257224440574646
2079,0.3938598036766052,0.41412803530693054
2080,0.39181146025657654,0.4113388955593109
2081,0.4089697003364563,0.4198121428489685
2082,0.39245519042015076,0.4018024504184723
2083,0.4000391364097595,0.41061052680015564
2084,0.40271827578544617,0.41142991185188293
2085,0.41126808524131775,0.42879948019981384
2086,0.4065779745578766,0.4022909998893738
2087,0.4086596965789795,0.4246200919151306
2088,0.4029599130153656,0.4145381450653076
2089,0.41503965854644775,0.41846922039985657
2090,0.406637966632843,0.43418237566947937
2091,0.415037602186203,0.41757339239120483
2092,0.4010029733181,0.42001405358314514
2093,0.399664044380188,0.4001449942588806
2094,0.4091031849384308,0.4183417856693268
2095,0.40602365136146545,0.4082348942756653
2096,0.40119656920433044,0.41768842935562134
2097,0.39194855093955994,0.41289734840393066
2098,0.40986311435699463,0.40887394547462463
2099,0.409721314907074,0.420672208070755
2100,0.40886014699935913,0.4138939380645752
2101,0.39739805459976196,0.4127804636955261
2102,0.4004402458667755,0.42727911472320557
2103,0.40771734714508057,0.4122382700443268
2104,0.40116047859191895,0.4184388220310211
2105,0.4010581374168396,0.4215201139450073
2106,0.40388327836990356,0.4133978486061096
2107,0.4051274061203003,0.40826287865638733
2108,0.4160965085029602,0.4138619601726532
2109,0.3977580964565277,0.40960872173309326
2110,0.40340158343315125,0.4150325655937195
2111,0.40224823355674744,0.424543559551239
2112,0.4156341254711151,0.42368975281715393
2113,0.3940717279911041,0.4052238464355469
2114,0.4094507396221161,0.41752171516418457
2115,0.4048095941543579,0.4116082191467285
2116,0.4061450660228729,0.4114900231361389
2117,0.39614608883857727,0.4037928283214569
2118,0.4043610394001007,0.41184261441230774
2119,0.4035358130931854,0.4129927456378937
2120,0.3980157971382141,0.4084163308143616
2121,0.40674686431884766,0.41461822390556335
2122,0.4101184904575348,0.42426297068595886
2123,0.39717188477516174,0.4325307607650757
2124,0.39077383279800415,0.406859427690506
2125,0.40960705280303955,0.4211215078830719
2126,0.4032739996910095,0.4207538664340973
2127,0.3983345031738281,0.3995305001735687
2128,0.40171876549720764,0.41687485575675964
2129,0.40802711248397827,0.4287126362323761
2130,0.40052440762519836,0.4168913662433624
2131,0.4018329977989197,0.4238818883895874
2132,0.3987596929073334,0.4029157757759094
2133,0.4038890600204468,0.3992829918861389
2134,0.4014739990234375,0.41870349645614624
2135,0.4070650637149811,0.41952866315841675
2136,0.3971575200557709,0.4039839506149292
2137,0.411935418844223,0.41686052083969116
2138,0.4221920967102051,0.414520800113678
2139,0.40803980827331543,0.41689807176589966
2140,0.4109858274459839,0.41250598430633545
2141,0.415386825799942,0.42269325256347656
2142,0.4170152544975281,0.4125973582267761
2143,0.4017381966114044,0.40555018186569214
2144,0.4053710103034973,0.4131382405757904
2145,0.39210206270217896,0.40184926986694336
2146,0.4014381468296051,0.4125186800956726
2147,0.414732426404953,0.4170621633529663
2148,0.41984105110168457,0.40656358003616333
2149,0.4042176902294159,0.406546950340271
2150,0.413239985704422,0.40866950154304504
2151,0.40811944007873535,0.42004919052124023
2152,0.4006846249103546,0.4162616729736328
2153,0.40527141094207764,0.41265326738357544
2154,0.40412917733192444,0.4151916205883026
2155,0.3929773271083832,0.4062768518924713
2156,0.3996676802635193,0.42343464493751526
2157,0.4123924672603607,0.41414207220077515
2158,0.4063014090061188,0.41323888301849365
2159,0.41101205348968506,0.42321333289146423
2160,0.41266074776649475,0.42891091108322144
2161,0.40641453862190247,0.43933138251304626
2162,0.3976028263568878,0.4079121947288513
2163,0.4171418249607086,0.4472104609012604
2164,0.4204498827457428,0.4245178699493408
2165,0.4117182493209839,0.42909982800483704
2166,0.4048706591129303,0.41503623127937317
2167,0.40558382868766785,0.4141637086868286
2168,0.4087705612182617,0.42032480239868164
2169,0.41529637575149536,0.4282304346561432
2170,0.4066978096961975,0.42713993787765503
2171,0.40879952907562256,0.4164527654647827
2172,0.40950125455856323,0.43060699105262756
2173,0.41581451892852783,0.42407047748565674
2174,0.4038088321685791,0.41721585392951965
2175,0.4054787755012512,0.43158164620399475
2176,0.4197102189064026,0.4498039782047272
2177,0.40705955028533936,0.41381731629371643
2178,0.4053620398044586,0.4243784248828888
2179,0.40470200777053833,0.41820815205574036
2180,0.4140360355377197,0.422440767288208
2181,0.4101013243198395,0.4390287399291992
2182,0.4059835970401764,0.43780314922332764
2183,0.40813571214675903,0.40894725918769836
2184,0.40826570987701416,0.4225788712501526
2185,0.4138036370277405,0.4153117537498474
2186,0.41728752851486206,0.41998469829559326
2187,0.411955863237381,0.44135597348213196
2188,0.39800846576690674,0.4065977931022644
2189,0.41345107555389404,0.41798147559165955
2190,0.41478431224823,0.42655396461486816
2191,0.4004865884780884,0.41683724522590637
2192,0.4023335874080658,0.4052058458328247
2193,0.40870481729507446,0.4398060142993927
2194,0.4089658856391907,0.41439446806907654
2195,0.4195374846458435,0.4159765839576721
2196,0.40374359488487244,0.42979422211647034
2197,0.4105561077594757,0.4293364882469177
2198,0.41427910327911377,0.4123481512069702
2199,0.4050934910774231,0.4277430474758148
2200,0.40991243720054626,0.42588508129119873
2201,0.4121053218841553,0.422275185585022
2202,0.4274073839187622,0.4231299161911011
2203,0.4070098102092743,0.4215548038482666
2204,0.41532742977142334,0.4175114631652832
2205,0.4119783639907837,0.4207271933555603
2206,0.40392786264419556,0.4070267379283905
2207,0.4049171805381775,0.4175722599029541
2208,0.4142914414405823,0.41942065954208374
2209,0.4100377857685089,0.4163115918636322
2210,0.40830886363983154,0.42278239130973816
2211,0.4159258008003235,0.41228368878364563
2212,0.4052013158798218,0.42113232612609863
2213,0.40485814213752747,0.4020785391330719
2214,0.41670992970466614,0.42788729071617126
2215,0.40271443128585815,0.4094889760017395
2216,0.40139973163604736,0.4182495176792145
2217,0.4091360569000244,0.4149381220340729
2218,0.40382298827171326,0.4100578725337982
2219,0.39570942521095276,0.41473764181137085
2220,0.40103304386138916,0.40577101707458496
2221,0.4047738313674927,0.42097756266593933
2222,0.4063977897167206,0.41553300619125366
2223,0.39805492758750916,0.4112067222595215
2224,0.40005168318748474,0.4090011417865753
2225,0.40790408849716187,0.4185735583305359
2226,0.4027574956417084,0.4109437167644501
2227,0.4015931785106659,0.4162607192993164
2228,0.40361666679382324,0.4112217426300049
2229,0.40558314323425293,0.4332179129123688
2230,0.4081360697746277,0.4315471947193146
2231,0.40778255462646484,0.4066970646381378
2232,0.4000387489795685,0.4096902310848236
2233,0.40322789549827576,0.4185766577720642
2234,0.40382760763168335,0.4125688374042511
2235,0.4029122591018677,0.42791223526000977
2236,0.4125198423862457,0.40671291947364807
2237,0.3976846933364868,0.4306884706020355
2238,0.40154263377189636,0.4101197123527527
2239,0.41021910309791565,0.41530099511146545
2240,0.414623886346817,0.4185888469219208
2241,0.4152252674102783,0.4166001081466675
2242,0.4076773524284363,0.4108644723892212
2243,0.41300660371780396,0.4146934747695923
2244,0.4187971353530884,0.42302122712135315
2245,0.40458330512046814,0.4377628564834595
2246,0.4049989581108093,0.4092791974544525
2247,0.41663894057273865,0.41477495431900024
2248,0.4051431715488434,0.4166632890701294
2249,0.4010459780693054,0.42341968417167664
2250,0.4062148332595825,0.4249989986419678
2251,0.40643587708473206,0.42055290937423706
2252,0.4068222641944885,0.4116227626800537
2253,0.39486777782440186,0.4256422519683838
2254,0.4099624752998352,0.4127383232116699
2255,0.3966711759567261,0.41226184368133545
2256,0.40262025594711304,0.41074326634407043
2257,0.4234376549720764,0.4241592288017273
2258,0.41747692227363586,0.4133625328540802
2259,0.40222224593162537,0.41313090920448303
2260,0.4027908444404602,0.4488750696182251
2261,0.4059358537197113,0.4149712026119232
2262,0.4177965223789215,0.41896459460258484
2263,0.4085160195827484,0.43018215894699097
2264,0.4086872637271881,0.424846351146698
2265,0.40833646059036255,0.4230120778083801
2266,0.4103187620639801,0.41316190361976624
2267,0.4041133522987366,0.4204370975494385
2268,0.4068312644958496,0.4200434982776642
2269,0.4063790738582611,0.41328340768814087
2270,0.40177085995674133,0.4090322256088257
2271,0.40254732966423035,0.40506067872047424
2272,0.40376174449920654,0.41892489790916443
2273,0.40735143423080444,0.41495341062545776
2274,0.40239471197128296,0.4079793393611908
2275,0.4032813608646393,0.40981635451316833
2276,0.4045190215110779,0.40993475914001465
2277,0.40680256485939026,0.4077104926109314
2278,0.40156078338623047,0.4246554672718048
2279,0.40371397137641907,0.40430086851119995
2280,0.41964858770370483,0.41990020871162415
2281,0.40903645753860474,0.40725260972976685
2282,0.4069649577140808,0.4149475395679474
2283,0.40837451815605164,0.4115965962409973
2284,0.418850839138031,0.41127970814704895
2285,0.4137108325958252,0.4205349385738373
2286,0.4190956950187683,0.4226148724555969
2287,0.4222884178161621,0.4226396083831787
2288,0.40739402174949646,0.4075751304626465
2289,0.40624144673347473,0.4329802095890045
2290,0.4156116843223572,0.4120176136493683
2291,0.4119163751602173,0.4402627646923065
2292,0.40718477964401245,0.42111736536026
2293,0.4118477702140808,0.4206714630126953
2294,0.40274232625961304,0.4061826169490814
2295,0.4170777499675751,0.4243740737438202
2296,0.4072766900062561,0.4357750117778778
2297,0.4130697548389435,0.41838333010673523
2298,0.4044792354106903,0.4162185788154602
2299,0.4031550884246826,0.41230639815330505
2300,0.4120103716850281,0.4151459336280823
2301,0.4049588739871979,0.42466533184051514
2302,0.4204701781272888,0.4249114394187927
2303,0.40290215611457825,0.4241228401660919
2304,0.4094051718711853,0.4342406690120697
2305,0.4059008061885834,0.4235844612121582
2306,0.40639907121658325,0.4220309555530548
2307,0.4095298647880554,0.41115131974220276
2308,0.4099045395851135,0.4184885621070862
2309,0.405216783285141,0.4239009916782379
2310,0.4064065217971802,0.40579327940940857
2311,0.41145095229148865,0.41834425926208496
2312,0.4072505831718445,0.41777142882347107
2313,0.4047953188419342,0.40669775009155273
2314,0.41938284039497375,0.41908690333366394
2315,0.4077295660972595,0.41433170437812805
2316,0.4089739918708801,0.407973051071167
2317,0.4152488112449646,0.4172402620315552
2318,0.4074084758758545,0.41937941312789917
2319,0.41327837109565735,0.4104347229003906
2320,0.40326762199401855,0.42056992650032043
2321,0.4119657576084137,0.4188765585422516
2322,0.4095219373703003,0.42577406764030457
2323,0.4083411991596222,0.4319227337837219
2324,0.42182594537734985,0.43130794167518616
2325,0.41983774304389954,0.41870319843292236
2326,0.4087081551551819,0.41238540410995483
2327,0.4020603895187378,0.41179510951042175
2328,0.41267746686935425,0.41600021719932556
2329,0.40068480372428894,0.4059950113296509
2330,0.4043996334075928,0.43170708417892456
2331,0.41576072573661804,0.4075641334056854
2332,0.4049588143825531,0.4095480740070343
2333,0.41338005661964417,0.4121713638305664
2334,0.4042948782444,0.42225122451782227
2335,0.42257240414619446,0.45557326078414917
2336,0.4071272611618042,0.45464441180229187
2337,0.4219285547733307,0.446117639541626
2338,0.42024070024490356,0.43686845898628235
2339,0.42947638034820557,0.4457378685474396
2340,0.43061208724975586,0.45853373408317566
2341,0.44290968775749207,0.47277921438217163
2342,0.4308490455150604,0.4685671627521515
2343,0.43580278754234314,0.46000975370407104
2344,0.43717044591903687,0.46919938921928406
2345,0.4325574040412903,0.4683397114276886
2346,0.45179829001426697,0.4730333089828491
2347,0.44388970732688904,0.4923791289329529
2348,0.4617636501789093,0.4709141254425049
2349,0.451084703207016,0.47651207447052
2350,0.4569666385650635,0.4781931936740875
2351,0.45354896783828735,0.48003971576690674
2352,0.4656340479850769,0.4803404211997986
2353,0.46988531947135925,0.48564642667770386
2354,0.4478616714477539,0.49235308170318604
2355,0.44559529423713684,0.4817345142364502
2356,0.4526662528514862,0.47909605503082275
2357,0.46160823106765747,0.4984850585460663
2358,0.4466545283794403,0.4816707372665405
2359,0.4493795931339264,0.5030698776245117
2360,0.44738683104515076,0.47478559613227844
2361,0.4571557939052582,0.483812153339386
2362,0.4564467668533325,0.4863217771053314
2363,0.45914727449417114,0.49125170707702637
2364,0.4599340260028839,0.49080830812454224
2365,0.44626161456108093,0.4798862934112549
2366,0.4544677138328552,0.472175270318985
2367,0.4574223756790161,0.48217347264289856
2368,0.4511045217514038,0.46114420890808105
2369,0.45997536182403564,0.4881139397621155
2370,0.4529631733894348,0.4685351550579071
2371,0.46365997195243835,0.48167455196380615
2372,0.45553329586982727,0.47940707206726074
2373,0.4566271901130676,0.48838403820991516
2374,0.4648749828338623,0.4971443712711334
2375,0.46430620551109314,0.48794129490852356
2376,0.4705447554588318,0.4891362190246582
2377,0.4863145053386688,0.4900035262107849
2378,0.48145776987075806,0.49970993399620056
2379,0.4822906255722046,0.503919780254364
2380,0.4960138499736786,0.5160242319107056
2381,0.5125223994255066,0.5227380394935608
2382,0.5055414438247681,0.5068103075027466
2383,0.5059921145439148,0.5156070590019226
2384,0.5059797167778015,0.5106229782104492
2385,0.5084066390991211,0.5153937339782715
2386,0.5207169651985168,0.5013440251350403
2387,0.525596022605896,0.5196498036384583
2388,0.5325531959533691,0.5133557915687561
2389,0.5473660230636597,0.5131312012672424
2390,0.5582906007766724,0.5052947998046875
2391,0.569552481174469,0.524495542049408
2392,0.5761083960533142,0.5327894687652588
2393,0.5913105607032776,0.5397652983665466
2394,0.5894913673400879,0.5474675297737122
2395,0.6121578216552734,0.5550939440727234
2396,0.6037226915359497,0.547705352306366
2397,0.6212658882141113,0.5401558876037598
2398,0.6391822695732117,0.5744825005531311
2399,0.6391658782958984,0.549031138420105
2400,0.6592972278594971,0.5626717209815979
2401,0.6594083309173584,0.5610147714614868
2402,0.6773641109466553,0.5825923085212708
2403,0.6842101216316223,0.5855870246887207
2404,0.700788140296936,0.591396689414978
2405,0.7094719409942627,0.5976902842521667
2406,0.7114439010620117,0.5952370762825012
2407,0.730285108089447,0.6069649457931519
2408,0.7474761009216309,0.613204300403595
2409,0.741682231426239,0.6091428399085999
2410,0.7613407373428345,0.6160091757774353
2411,0.7713592052459717,0.637825608253479
2412,0.7823118567466736,0.6475645303726196
2413,0.7962919473648071,0.6705225110054016
2414,0.8204920887947083,0.6839708089828491
2415,0.843924343585968,0.6984319090843201
2416,0.8524483442306519,0.6991831064224243
2417,0.869862973690033,0.7089207768440247
2418,0.8853358030319214,0.7033858895301819
2419,0.8971484899520874,0.7318059206008911
2420,0.8981156945228577,0.7397878170013428
2421,0.905498206615448,0.7430931925773621
2422,0.9252437949180603,0.7424971461296082
2423,0.9236152768135071,0.7538436055183411
2424,0.930938184261322,0.764488935470581
2425,0.921046793460846,0.7678278684616089
2426,0.9185466170310974,0.7693503499031067
2427,0.9200263619422913,0.7805608510971069
2428,0.9349024891853333,0.7886795401573181
2429,0.9329037070274353,0.797804594039917
2430,0.9372729063034058,0.7930132150650024
2431,0.9486128091812134,0.8065639734268188
2432,0.9680105447769165,0.8240533471107483
2433,0.9855501651763916,0.8209056854248047
2434,0.9863407611846924,0.8166332244873047
2435,1.0069007873535156,0.8131120800971985
2436,0.9963330030441284,0.7904651761054993
2437,1.0061674118041992,0.7832409143447876
2438,1.032318115234375,0.8013927340507507
2439,1.0631293058395386,0.828783392906189
2440,1.0844299793243408,0.8191749453544617
2441,1.0948437452316284,0.8174147605895996
2442,1.1171250343322754,0.8321890234947205
2443,1.1422368288040161,0.8603230118751526
2444,1.149593710899353,0.8585659265518188
2445,1.1558716297149658,0.8579652309417725
2446,1.1656161546707153,0.873035728931427
2447,1.1848671436309814,0.8610503673553467
2448,1.1941536664962769,0.8747395277023315
2449,1.1952190399169922,0.8635578751564026
2450,1.2191985845565796,0.8697506189346313
2451,1.2446142435073853,0.8932601809501648
2452,1.239363670349121,0.8863266706466675
2453,1.250335454940796,0.886839747428894
2454,1.271994709968567,0.916049063205719
2455,1.2802907228469849,0.9326571226119995
2456,1.297980785369873,0.9356285333633423
2457,1.3016160726547241,0.9572984576225281
2458,1.307008147239685,0.9687111377716064
2459,1.2884217500686646,0.9554978609085083
2460,1.2933146953582764,0.9792492985725403
2461,1.2749356031417847,0.9864720702171326
2462,1.2960968017578125,1.0181457996368408
2463,1.2997766733169556,1.0409730672836304
2464,1.6693546772003174,1.5280721187591553
2465,1.668586254119873,1.5251976251602173
2466,1.7022699117660522,1.531043529510498
2467,1.706198811531067,1.5575379133224487
2468,1.720784068107605,1.5576744079589844
2469,1.7336468696594238,1.5703587532043457
2470,1.7625818252563477,1.598688006401062
2471,1.7840080261230469,1.5994396209716797
2472,1.842458724975586,1.660159945487976
2473,1.8544533252716064,1.5246888399124146
2474,1.8792436122894287,1.559279203414917
2475,1.907553791999817,1.5549284219741821
2476,1.889780044555664,1.5960357189178467
2477,1.8704743385314941,1.586164951324463
2478,1.8618837594985962,1.5224635601043701
2479,1.7558047771453857,1.5405795574188232
2480,1.7673066854476929,1.555127501487732
2481,1.8386704921722412,1.6213905811309814
2482,1.722940444946289,1.5428824424743652
2483,1.7580890655517578,1.5742363929748535
2484,1.7001237869262695,1.5787224769592285
2485,1.7995959520339966,1.617329478263855
2486,1.8418980836868286,1.6026097536087036
2487,1.8715929985046387,1.610848069190979
2488,1.909421682357788,1.6017519235610962
2489,1.9150497913360596,1.6146661043167114
2490,1.9268829822540283,1.619051218032837
2491,1.9549278020858765,1.610467791557312
2492,2.042170286178589,1.585822343826294
2493,2.065671920776367,1.6200083494186401
2494,1.9234588146209717,1.5941708087921143
2495,1.907690167427063,1.6042990684509277
2496,1.8676817417144775,1.6232216358184814
2497,1.8403635025024414,1.6463838815689087
2498,1.7932642698287964,1.6601325273513794
2499,1.746525764465332,1.6972720623016357
2500,1.717057228088379,1.7234904766082764
2501,1.703558325767517,1.770867943763733
2502,1.7846510410308838,1.8382397890090942
2503,1.738554835319519,1.8545434474945068
2504,1.7117722034454346,1.9050859212875366
2505,1.7394014596939087,1.9795527458190918
2506,1.704528570175171,2.0731561183929443
2507,1.7618718147277832,2.212719678878784
2508,1.785583257675171,2.261791944503784
2509,1.7967555522918701,2.260708808898926
2510,1.8400194644927979,2.3070759773254395
2511,1.86670982837677,2.412832021713257
2512,1.9561214447021484,2.492077112197876
2513,2.0188653469085693,2.498218297958374
2514,2.087048292160034,2.519078254699707
2515,2.075042724609375,2.5228402614593506
2516,2.201611042022705,2.568452835083008
2517,2.282075881958008,2.8313088417053223
2518,2.5520260334014893,3.4457006454467773
2519,2.637518882751465,3.506084680557251
2520,2.6793339252471924,3.49125337600708
2521,2.7406258583068848,3.5498950481414795
2522,2.621852159500122,3.6238224506378174
2523,2.750354290008545,3.676286220550537
2524,2.9316904544830322,3.8213391304016113
2525,3.102565050125122,3.8011679649353027
2526,3.251711845397949,4.271090507507324
2527,3.1110751628875732,4.143815517425537
2528,3.2172465324401855,4.336153030395508
2529,3.3387393951416016,4.503282070159912
2530,3.4420976638793945,4.546913146972656
2531,4.1658220291137695,5.706310749053955
2532,4.1440110206604,5.517316818237305
2533,4.229307174682617,5.062502384185791
2534,4.334165573120117,4.83791971206665
2535,5.426259517669678,5.757175922393799
2536,6.628795146942139,8.455559730529785
2537,6.754763126373291,9.36989688873291
